5 11 18 64 62 32 16 7
8 20 21 58 54 41 19 11
9 34 17 66 61 33 14 9
6 22 15 53 65 36 12 6
5 18 13 37 49 28 9 5
5 26 23 45 52 33 13 7
5 24 19 52 51 31 13 7
7 17 18 36 51 29 15 8
5 13 12 37 52 35 9 5
7 18 16 45 52 52 15 8
3 12 12 52 53 34 11 5
5 8 11 44 49 28 12 6
5 18 13 38 54 44 12 5
6 21 16 55 65 38 11 6
6 15 18 52 62 35 14 7
7 11 14 39 49 44 16 8
7 4 20 55 67 44 13 7
6 3 28 62 54 43 13 7
7 3 15 49 53 35 12 8
8 4 23 60 56 32 14 8
23 18 4 6 16 27 36 43
18 16 4 6 26 25 27 32
23 22 4 5 16 20 22 34
21 19 5 6 15 29 24 32
24 21 5 4 12 28 25 34
21 33 7 8 21 34 23 36
31 30 7 10 23 41 22 45
33 25 7 7 18 42 25 39
27 30 7 5 10 35 20 32
23 31 4 4 6 26 22 27
24 24 6 5 19 22 26 38
18 17 5 4 9 30 24 29
14 11 3 5 7 17 10 27
18 16 4 3 10 15 17 42
20 14 4 4 13 24 27 40
21 15 4 6 16 16 30 45
21 16 4 6 13 23 22 36
21 14 4 4 10 20 27 39
27 13 4 5 11 26 21 35
18 18 5 5 15 20 19 34
0 1 1 1 0 1 0 0
1 1 0 0 0 1 1 0
0 0 1 1 1 1 1 1
1 1 0 0 0 1 1 0
1 1 0 1 1 1 0 1
1 0 0 0 1 1 1 0
0 1 1 1 0 1 1 1
1 1 1 0 0 1 1 1
0 0 0 1 1 1 1 1
0 1 1 0 1 1 1 0
0 1 1 0 1 1 1 1
0 1 0 0 1 1 2 1
1 0 1 1 0 1 0 0
1 0 1 1 1 1 1 0
0 1 1 0 1 1 0 0
1 1 1 1 0 1 0 0
0 0 1 1 1 1 1 0
0 1 1 1 0 1 0 0
0 1 1 0 1 1 0 0
1 1 1 1 0 1 1 1
