5 6 13 33 29 7 6 7
3 5 4 8 4 3 3 4
3 6 15 29 24 9 5 4
18 16 22 44 36 14 8 11
90 91 80 63 43 74 53 78
84 79 61 42 50 72 71 78
76 57 31 21 19 59 39 40
59 35 38 14 13 44 29 20
52 33 22 11 17 40 28 16
49 29 35 21 22 56 39 21
75 44 40 24 28 68 29 18
76 39 33 19 23 56 30 27
62 33 23 13 20 63 33 15
57 36 35 21 20 47 29 24
72 40 20 11 17 66 26 18
68 42 33 15 22 60 27 27
75 41 33 18 19 59 40 21
45 32 37 18 26 57 37 19
72 43 36 16 25 59 36 22
33 16 37 12 24 77 40 13
4 7 19 25 25 10 7 6
19 26 49 72 75 35 27 25
18 22 43 74 62 41 22 23
10 13 29 59 60 32 18 14
8 11 31 52 52 18 13 12
14 18 39 54 47 32 21 20
7 8 19 55 40 22 13 10
5 6 15 53 40 12 7 6
6 7 17 55 47 14 10 10
5 5 17 42 29 15 8 8
7 9 18 53 35 13 10 11
4 4 13 34 31 12 9 8
5 5 11 34 32 12 7 7
7 7 18 31 23 9 7 9
5 6 14 40 33 18 9 7
7 8 20 27 29 9 6 9
4 5 12 47 36 15 9 7
3 4 10 45 28 7 5 4
4 5 11 34 33 10 4 6
3 4 13 33 33 10 6 5
12 10 2 1 1 1 5 6
7 7 2 1 1 1 4 5
12 9 4 1 1 2 7 6
17 13 4 2 2 2 7 6
21 16 6 2 2 4 7 9
15 13 4 1 1 3 6 6
10 8 3 1 1 4 6 8
14 15 5 2 1 3 6 10
18 15 3 2 1 2 6 7
13 11 2 1 1 2 6 5
13 12 4 1 1 2 5 7
10 9 3 1 1 2 5 8
10 7 4 1 1 2 7 7
10 7 3 1 1 1 5 6
10 8 4 1 1 1 5 8
7 8 3 1 1 2 6 5
9 9 2 1 1 1 7 5
7 6 2 1 1 1 6 6
8 6 2 1 1 2 5 6
6 7 2 1 1 2 3 5
