3 2 4 17 25 19 6 7
3 2 3 17 37 23 7 8
4 3 4 16 37 24 8 8
3 3 5 25 42 32 10 7
3 1 5 30 40 30 8 8
4 2 6 30 39 31 9 15
3 2 6 28 49 24 11 6
5 2 6 34 41 35 8 12
3 2 6 39 41 20 10 11
4 2 5 28 39 22 8 11
3 2 6 29 52 32 9 7
2 2 4 16 29 16 5 7
3 2 7 23 30 24 9 7
2 2 3 23 23 22 7 6
3 2 5 18 34 25 6 3
4 2 6 21 35 20 8 5
3 1 3 16 32 24 11 7
3 3 5 21 30 20 7 7
2 1 3 17 16 19 5 7
4 2 4 17 36 24 8 8
9 3 2 5 7 24 14 27
7 3 3 4 9 18 9 26
6 2 1 5 9 18 12 29
6 3 1 6 9 15 9 22
5 4 1 3 5 20 8 25
3 3 1 4 3 15 9 18
3 3 2 4 12 16 6 20
6 3 2 3 11 14 8 23
6 9 2 3 8 14 6 21
5 7 2 4 9 17 8 12
7 4 1 5 4 14 7 20
6 3 1 4 4 12 7 26
6 6 1 4 6 17 8 27
9 4 2 4 8 12 10 23
4 5 1 4 6 11 7 16
6 3 2 6 13 12 8 27
5 2 2 5 12 13 7 18
2 3 1 3 7 7 4 11
3 2 2 6 19 6 3 7
1 1 1 3 7 5 2 2
1 1 3 4 6 2 1 1
1 1 3 3 1 1 1 1
1 1 3 5 1 1 2 1
1 1 4 4 2 1 1 0
1 1 2 5 1 1 1 1
1 1 2 4 2 1 1 1
1 1 2 5 1 1 1 1
1 1 3 5 1 1 1 1
1 1 3 4 1 2 1 1
1 1 3 4 1 1 1 1
1 1 2 5 1 1 2 1
1 1 2 3 1 1 1 1
1 1 2 3 1 1 1 1
1 1 2 3 1 1 1 1
1 1 2 4 1 1 1 1
1 1 2 5 1 1 1 1
1 1 2 4 1 1 1 1
1 1 3 4 1 1 1 0
1 1 3 4 1 1 1 1
1 1 2 3 1 1 1 1
