18 14 45 4 4 23 38 17
28 14 32 4 3 18 32 13
23 14 25 3 3 23 37 16
22 13 37 3 3 18 32 15
21 16 32 4 3 20 37 18
20 13 31 4 4 15 29 18
21 14 35 4 3 19 36 19
30 15 44 3 3 23 31 18
25 15 37 5 3 18 31 23
19 11 29 4 3 14 40 14
26 14 32 3 3 19 24 10
24 10 37 4 3 17 34 17
19 12 31 5 4 17 30 15
18 14 29 4 4 17 24 11
25 15 38 3 3 15 30 21
19 14 30 3 3 23 24 17
18 11 32 3 4 18 20 19
29 16 38 4 3 18 32 20
22 16 24 3 4 21 41 21
31 12 28 4 3 13 32 17
1 1 3 26 6 3 1 2
1 1 3 24 8 3 1 1
1 1 3 17 7 2 1 1
1 1 3 23 7 2 1 1
1 1 3 25 6 2 1 1
1 1 3 25 6 2 1 1
1 1 5 24 6 2 1 1
1 1 4 22 7 2 1 1
1 1 3 16 6 1 1 1
1 2 4 22 8 3 1 2
1 1 3 18 7 2 1 1
1 1 3 18 5 2 1 1
1 1 4 20 5 1 1 1
1 1 3 19 5 2 1 1
1 1 2 17 4 2 2 1
1 1 2 16 4 1 1 1
2 1 3 15 5 2 1 1
1 1 3 20 7 2 1 1
1 1 3 10 4 1 1 1
1 1 3 19 3 1 1 1
2 4 11 1 1 2 1 1
1 2 5 1 1 1 1 1
1 1 2 5 1 1 1 1
1 1 1 1 1 1 0 1
1 1 1 8 3 1 1 1
1 1 1 3 2 1 1 1
2 1 1 2 2 2 2 1
4 3 7 1 3 6 8 3
3 3 7 1 1 6 8 2
4 5 14 1 1 6 11 4
2 2 5 1 1 4 6 2
1 1 1 1 1 1 1 1
1 1 1 1 1 1 1 1
1 2 3 1 1 1 1 1
3 3 8 1 1 4 4 1
3 3 5 1 1 2 6 2
3 4 6 1 1 3 6 2
1 1 4 1 2 1 2 1
1 1 1 1 1 1 1 1
1 2 3 1 1 1 1 1
