11 8 12 66 57 27 11 7
11 8 18 54 59 28 14 9
6 7 12 60 55 31 11 8
8 7 14 49 59 32 10 6
7 11 19 80 52 22 10 9
6 11 17 59 58 17 8 6
6 10 16 55 59 27 10 7
7 11 13 55 48 27 10 7
4 10 17 71 57 26 10 6
5 10 18 75 63 27 8 5
4 8 11 50 47 21 7 4
4 8 11 54 59 23 7 4
4 10 12 57 45 19 7 4
4 8 14 61 44 19 8 4
4 10 13 63 44 19 7 5
4 9 14 76 44 28 7 4
4 12 13 56 45 24 6 4
4 14 14 73 49 23 8 5
5 8 14 69 45 17 6 4
4 11 13 60 47 20 7 4
49 13 6 11 23 21 46 32
47 13 9 15 23 32 46 27
41 9 9 11 22 30 42 39
36 12 7 10 23 23 34 31
39 13 15 11 21 23 23 32
48 15 10 12 23 27 32 32
43 15 8 10 16 23 35 24
41 14 11 12 21 23 28 32
38 11 9 14 23 29 44 31
44 18 9 13 27 23 19 24
51 16 9 11 19 26 27 34
58 20 8 12 23 24 31 35
47 11 7 9 12 23 42 24
47 12 4 7 14 15 47 33
52 16 7 9 13 15 34 34
41 13 6 8 13 17 31 38
34 11 5 10 17 19 36 40
46 13 5 8 18 17 35 30
58 15 5 8 17 18 39 28
44 13 4 6 13 19 38 32
3 3 0 1 1 4 1 1
1 2 1 1 1 3 0 1
1 1 1 1 1 1 1 1
1 1 1 1 1 2 1 1
1 1 1 1 1 2 1 1
1 1 1 0 1 1 1 0
0 1 1 1 1 1 1 1
1 1 1 0 0 1 1 0
1 1 0 1 0 1 1 0
0 1 1 1 0 1 1 0
0 1 1 0 0 1 1 0
1 1 1 1 0 1 1 1
1 1 1 1 1 1 1 0
1 1 1 0 1 1 1 1
1 1 1 1 1 1 2 1
2 1 1 1 1 1 1 1
3 1 1 1 0 1 1 1
1 1 1 0 1 1 1 2
1 1 1 1 1 1 1 1
1 1 1 0 1 1 1 1
