1 1 1 2 1 -1 -5 1
-2 0 -1 -1 8 -3 11 -12
-4 -2 -3 -6 -33 -24 -15 -12
-7 -1 0 2 5 11 15 -4
11 -3 -2 -4 -3 3 -12 18
-4 -1 -1 0 0 2 3 -6
0 1 0 1 12 4 -9 0
-9 -6 -3 0 2 16 -2 -14
7 7 4 0 -5 -21 -7 -4
-3 -3 -1 -1 5 21 3 24
-4 -3 -1 1 9 15 -2 -27
4 -1 -1 0 -6 5 -6 12
-3 -1 -1 -1 3 -11 1 -12
2 1 2 3 12 -6 -6 -22
1 -2 -4 -12 -37 -10 1 52
-1 0 -1 0 9 7 -15 29
-3 0 -1 -1 0 1 -13 10
-4 -1 -2 0 -9 -8 10 -11
1 -1 -1 3 13 2 -2 5
5 0 0 -1 -8 -23 -9 17
-10 -5 -1 -1 -5 3 0 9
-5 -4 -1 0 3 0 -29 15
12 1 1 2 8 2 -8 -37
4 9 0 -4 -6 -11 -2 -21
-2 -4 -4 -6 -15 -6 -10 54
-2 1 2 1 -1 -17 -2 -23
-2 -2 -2 -1 9 11 2 -37
-2 0 1 1 -2 3 -23 17
3 2 0 1 6 10 9 -6
-5 1 -2 0 -5 5 8 -54
1 -1 2 5 8 -7 3 27
17 5 0 -4 -3 -2 -2 39
-18 -3 -2 -3 7 -8 24 -42
2 -4 -2 -1 10 11 -7 32
4 6 1 -1 -8 -9 -2 -15
-4 -4 -2 3 14 8 2 -18
0 -2 -1 0 -8 -6 5 16
7 -3 -3 -6 -12 0 12 -3
1 -2 -1 -1 11 1 -20 23
-8 -2 1 -3 -18 -15 20 -35
3 2 2 -3 -9 -1 -19 -9
-9 -4 0 -1 14 -6 6 9
7 2 0 -4 -17 -12 -6 29
-8 -3 -2 1 13 17 8 -16
3 2 1 4 -12 -3 -41 -8
3 0 1 -1 7 6 -5 11
-6 -4 -2 -4 -5 -8 11 14
5 -2 -2 1 4 0 -3 -9
-7 0 -3 2 23 17 -19 1
-7 -1 -2 -6 -27 -5 0 -8
0 -2 -2 -2 4 3 5 43
0 1 -1 0 -5 -12 13 -6
3 -3 1 -1 6 2 -8 5
1 -1 -2 1 -6 -14 -20 10
-6 -5 0 -1 1 -4 2 -19
-1 -1 -3 -3 -5 8 -16 9
5 2 0 1 -4 -9 10 13
-7 -2 -1 0 0 4 5 -1
0 0 -3 -2 -9 9 0 -15
3 -1 0 1 -2 -13 -8 37
-7 -4 -2 -1 -2 3 2 -32
0 -1 0 1 -3 3 -5 16
0 0 -2 -2 11 11 -14 3
-4 0 0 -1 -12 -24 -30 -21
0 -4 -3 -2 4 12 26 -9
8 5 -1 -7 -17 -10 18 -8
1 -2 0 3 11 10 5 13
-12 -7 -2 -2 -3 4 4 -42
5 5 1 -1 -6 -9 0 -4
0 -3 -3 0 3 -6 -12 -2
0 -1 -2 -2 -14 -10 2 -3
2 1 0 0 3 16 16 8
-3 -2 -2 -3 6 8 1 -31
2 2 -1 1 7 -17 -1 79
5 1 -1 0 -12 -1 -6 -10
-8 -3 -2 -3 4 21 7 -2
0 -1 -1 0 1 -26 -5 12
6 3 1 -1 -7 4 -4 -19
-2 -5 -3 -2 -7 10 -5 7
-1 1 1 2 8 -18 -7 4
-1 1 2 0 0 -14 9 7
6 -5 -2 -1 4 13 -2 -20
-4 5 2 5 4 -2 -6 -20
0 1 0 -8 -24 1 -2 -5
-5 -2 -3 -1 0 4 -4 -23
1 -1 -1 -1 14 5 -19 3
-1 -2 -2 0 0 -15 -1 -3
-4 1 0 2 6 4 25 10
3 0 -1 -2 2 2 -30 26
-4 -2 -2 -2 -8 -8 -5 0
-8 -2 0 -1 -2 0 1 -40
6 3 -2 1 -4 -8 -4 7
-2 -3 -3 1 8 9 20 45
-6 -1 0 1 -1 2 6 -5
-8 -2 -2 -4 3 -5 -5 -21
3 -1 -1 -1 1 0 -6 -5
-2 -2 0 -2 -8 0 -2 -7
-1 -1 0 0 1 4 0 28
0 -2 -4 -2 5 -12 27 -38
13 -3 -2 -2 19 -23 3 15
-8 2 -1 -3 -30 -3 14 -9
-1 -1 -2 -11 -21 -4 -1 4
3 2 1 3 1 2 4 -1
-9 -3 -3 -1 1 4 -7 33
1 -4 -3 0 2 -9 -3 -6
7 1 0 1 8 2 -16 -12
-1 -1 0 -1 -8 2 3 -77
2 1 0 -1 -6 2 -15 34
3 0 0 1 4 -6 -10 -21
-6 1 1 3 -3 4 -6 1
-5 -4 -3 -4 -2 4 -8 -18
-2 1 1 0 -2 -15 -6 -5
0 0 -3 -3 -2 9 -10 8
-3 -3 0 1 -1 4 8 -33
0 1 1 0 14 -2 -9 42
-9 -3 1 0 -3 20 -10 -24
-4 -3 -1 0 -4 3 6 14
-1 3 -2 0 3 -4 13 1
3 -2 -2 0 -4 -3 -16 48
-4 0 -3 -2 -9 3 1 -9
2 -1 2 -1 6 1 7 -59
-8 -2 0 1 4 2 -2 10
4 0 -2 -5 -1 24 8 -19
-2 -5 -3 -4 -5 -18 -7 -8
3 3 -1 0 2 -18 5 -1
-2 -4 1 0 -3 -4 -9 -20
-4 3 1 1 5 10 8 14
1 -1 0 -3 -19 -5 -15 -16
-3 -2 0 -1 5 5 -10 37
-3 -3 -2 1 4 2 7 -12
-4 -5 -3 -4 -6 -26 -25 7
-8 -3 -3 -2 -5 -2 20 -24
5 3 -2 2 13 16 25 0
2 0 -1 -1 1 2 14 -14
5 0 0 -2 -4 -1 -2 -12
4 3 1 0 4 0 6 12
0 -4 -3 1 -8 1 -5 -1
-4 -2 -1 -1 5 -1 4 17
-4 -1 -1 -1 -2 -5 11 6
1 0 -1 -1 2 4 12 -4
-2 0 0 0 -13 -9 2 4
5 -1 -3 0 8 13 -4 42
2 2 2 1 -1 6 -10 28
-6 -1 0 -3 -13 -21 -4 -51
-7 -3 -1 -1 3 -10 2 -14
4 -4 -3 -5 -10 1 -14 9
-5 -1 -2 -1 1 8 33 41
0 -1 0 0 13 19 -3 4
0 -3 0 -1 -4 -8 -10 8
-5 1 1 1 -4 -6 2 -29
0 -6 -4 -3 -1 -5 4 44
6 4 -1 1 11 12 -6 23
-6 -2 -3 -5 -2 -30 -11 -20
0 1 1 1 4 1 5 -3
-4 -3 0 0 -5 3 -8 -7
-8 -5 -2 -2 3 -13 -1 -43
2 1 1 -2 2 13 -7 8
-1 0 3 -2 -1 -7 10 -77
-2 3 1 1 5 4 -25 -14
-3 -1 -1 0 -11 -8 11 -5
2 0 1 -3 -5 12 2 -16
-3 -2 -2 -1 5 -20 -8 13
-3 -2 -2 -3 -15 -19 -2 -69
-3 0 0 3 5 4 9 2
4 0 -1 -1 2 15 2 9
-5 -2 -1 2 -4 7 -7 27
0 -2 -3 -4 7 4 -1 -21
-2 -2 -4 -3 4 2 -4 2
3 -3 -1 -2 -15 -19 -6 25
-9 1 2 1 2 -7 13 -21
0 -1 1 2 -2 0 5 -6
-4 -2 0 -2 5 12 -12 -2
-3 -3 -2 -1 -6 5 -1 40
8 1 -2 -5 -11 -13 -13 8
-1 0 1 1 -6 -16 15 8
4 -4 0 2 6 21 11 9
3 2 -1 2 7 -10 4 -3
-6 -2 -1 -2 -9 -30 3 -65
0 2 1 2 3 8 -7 40
-1 0 0 -4 -6 -5 25 5
5 -1 0 1 2 1 8 20
0 -1 1 -1 1 -7 -1 4
3 -6 -4 -1 -6 8 12 22
4 0 -1 -1 -6 -31 -15 -29
-6 3 0 -1 5 6 -13 -9
2 -3 -1 -1 8 9 -2 33
-5 -2 -1 -2 -13 -2 -6 -94
-1 -2 -1 -2 6 11 -4 6
-4 -4 -2 0 0 3 15 -13
2 -2 -1 -2 0 -15 -5 12
-12 -1 0 1 13 34 -4 -14
9 2 3 2 -7 -15 -27 68
-6 0 2 1 -2 5 23 -44
-6 -3 -1 0 2 13 -3 11
3 4 -2 0 0 -11 -14 29
-6 -2 -3 -1 0 -4 1 2
5 3 1 1 5 14 -10 -10
-2 -3 -3 -3 -14 0 -5 43
16 0 0 1 4 8 23 -16
-12 -1 -2 -1 0 -8 -38 22
3 0 1 0 -10 -6 21 -21
2 -1 -2 0 4 22 -14 27
-3 -3 -2 -6 -2 -19 -10 37
3 1 -3 0 6 -7 -8 5
-6 -3 -1 0 -2 11 -6 45
5 3 0 -2 -6 1 0 -8
-2 -2 -1 0 7 -20 -6 32
3 -1 0 -1 -1 12 5 -1
-5 -3 -1 -2 6 -21 -13 -20
-1 -3 -2 -1 2 14 17 41
-7 -1 2 -1 -11 9 -10 -62
2 7 1 0 -5 -1 13 -19
1 -1 -1 1 14 15 0 -11
5 2 1 0 -3 2 -30 34
-8 -5 -2 2 9 1 22 -8
7 1 0 -1 -8 -10 1 -2
-3 -2 -3 -3 4 25 -18 -38
3 0 -2 2 9 3 8 7
4 5 1 -2 -8 -9 -11 17
-8 -5 0 0 -6 9 29 -62
-2 -4 -5 -5 -6 -15 3 57
-6 1 0 1 5 12 13 -103
2 -1 0 -2 -8 -12 -9 18
-1 -3 -1 -1 -2 7 19 -7
9 1 0 -1 -8 -10 -17 38
-7 1 2 4 0 -3 17 -26
1 0 -1 -1 7 8 -17 6
-9 -3 -1 -2 11 26 23 -23
5 0 1 -2 0 -8 -6 6
-2 -3 -1 -3 -8 -14 5 -8
4 2 1 1 -2 -1 -5 -13
-1 -4 -2 0 5 17 -19 68
-1 -1 -1 -1 -3 -10 -24 43
-8 0 -2 -2 3 -6 9 -4
-2 -3 0 0 -3 -10 3 6
0 -1 -1 -1 -7 -5 -12 -12
-2 -3 -3 -3 -5 -6 2 7
4 -1 -1 -3 -5 -7 -17 2
-6 0 -1 -3 -5 0 13 -20
3 1 2 0 2 6 -8 26
-3 0 -2 0 -4 1 -3 -27
-3 -3 -4 -3 -2 6 23 4
-2 -2 -2 -1 0 -12 0 -57
7 2 0 0 2 -2 -1 49
-7 0 2 1 2 38 12 -72
-3 -1 1 2 9 -17 -5 -7
0 1 -1 -1 -7 -3 -10 26
13 2 -2 -3 -4 9 2 20
-7 -2 -1 0 0 -28 3 -3
10 1 -3 -1 -7 1 2 3
-2 -4 -4 -4 -1 9 -2 17
-1 0 0 0 -3 -15 -14 -27
3 -1 -2 -4 -1 4 6 -2
-1 -1 -3 -2 -1 -2 -15 12
-11 1 1 1 8 -3 15 -62
4 -4 -5 -5 -19 -21 6 26
-2 -1 -2 -4 -3 -10 -42 28
-3 1 1 0 2 3 1 -18
5 -4 -1 -2 -6 1 -10 40
-5 0 0 0 1 -9 8 -35
-2 -1 -2 1 2 9 5 -13
-2 -3 -3 -5 -13 -7 -6 16
-1 0 -1 -2 -10 -16 -8 28
-12 1 2 -1 0 -24 -2 -5
-11 -4 -2 -1 4 -7 22 -83
4 1 0 0 2 0 12 -34
12 0 -3 2 -1 1 -4 34
-2 -4 0 -1 -2 -8 -8 -20
5 1 0 -2 -7 -1 -7 23
2 -1 0 0 6 -2 -17 4
1 3 3 3 9 11 -6 -11
-5 -3 -2 -1 -2 3 -2 20
5 0 1 -2 -12 -12 2 19
-3 -4 -5 -4 -8 13 -6 25
-3 -1 -3 -2 7 -5 -6 12
3 1 -1 -1 -4 7 -6 -12
2 0 0 1 -2 0 5 18
-3 0 -1 0 1 -19 1 30
11 -1 -1 -1 2 2 1 2
-6 -2 -2 -1 -7 1 -8 -7
5 3 1 -1 4 4 2 52
-6 -1 1 2 6 8 22 14
-4 -3 2 -2 -4 -10 -25 -36
5 0 0 0 7 -5 6 46
5 0 1 0 -4 -12 -7 21
-2 1 0 1 -10 -6 -1 -21
-8 -1 -1 -3 -1 -11 0 6
-6 -7 2 0 2 4 -14 -19
9 6 -2 -2 -4 1 10 -18
-2 -4 -1 -1 5 -1 -2 -1
-2 0 0 -2 -16 -2 11 -9
6 1 -1 0 -4 -1 -15 37
-13 -5 -3 -1 7 8 40 -65
-11 1 1 1 7 -2 -21 -36
-3 -1 -2 -1 -12 2 8 90
-6 -3 -2 -1 2 0 5 -11
-5 -2 -1 -3 -3 -34 -18 0
2 -1 -1 -3 4 16 1 -27
0 -1 1 1 6 6 5 -23
-19 -3 -3 -2 -5 -4 2 -14
7 -4 -3 0 -5 15 14 -3
2 0 -1 -3 -5 -29 -15 -3
6 1 1 1 7 9 -9 17
-7 -4 -3 -4 -7 6 38 -33
-7 -3 0 -2 2 3 -12 3
-5 0 0 -1 -12 -4 6 -38
5 -2 -1 -3 -3 -5 10 2
-1 0 -2 -2 -3 -18 3 38
-8 -3 0 1 10 1 -7 2
8 1 0 0 12 6 0 2
-1 -2 -2 -2 -2 6 5 -7
3 0 -1 -1 -10 -23 -4 -61
-2 -3 -3 -3 2 -4 24 34
0 -2 1 0 -4 -1 -8 29
-8 0 0 -1 1 3 2 -19
18 2 -1 -2 11 28 -8 -15
-1 0 -1 0 -8 -7 -5 2
-3 -2 0 -1 -3 0 11 0
-2 -4 -1 0 0 13 -16 -19
-7 6 2 2 8 10 23 -47
2 -2 -1 1 -5 -2 -4 37
0 -1 -4 -4 -8 2 -3 9
4 2 0 -1 1 -5 -7 -6
-4 -4 -1 -1 -3 3 -9 1
-2 0 1 1 -2 16 -22 -21
2 -1 -1 -1 0 -9 -4 0
-6 -2 -3 -1 8 2 7 4
-1 -3 -2 -1 0 -4 -14 -12
-2 1 -1 -1 -6 -1 0 -15
-1 -4 -2 0 -3 5 1 19
2 -3 -3 -3 2 1 2 -21
1 0 0 2 -4 9 -9 -5
10 -1 -1 -3 -9 -41 -23 70
-1 0 1 1 12 27 12 -24
-4 -2 -4 0 0 -6 4 34
-1 0 1 1 0 3 1 1
-1 1 1 -1 -2 4 1 -12
-1 0 -2 -2 -5 -6 -4 -5
2 -2 -1 -1 0 10 -1 14
-9 0 -1 -1 -11 -21 6 -3
-7 -7 -4 -5 4 23 -3 -10
1 -1 1 3 4 -5 1 -36
-3 0 0 0 -3 3 1 -21
4 -2 -3 -2 -3 -15 -3 15
0 -1 0 0 1 14 5 -20
5 1 -1 -3 -3 -2 0 -1
-9 -2 0 0 -12 12 31 -68
13 2 0 0 16 -14 -14 57
0 -1 2 0 2 8 -27 -25
-2 0 0 -1 2 7 -5 -28
5 2 5 5 -5 -2 -12 -40
5 3 2 1 2 12 1 39
-9 -3 -1 -1 13 -2 7 -51
-1 -3 -2 -4 -9 -1 -5 5
-6 -2 -2 0 11 -9 -14 20
-2 -2 -1 -2 -3 0 0 -10
-3 -1 -2 0 7 12 12 9
3 2 0 0 -7 -8 4 1
-5 1 1 1 7 -7 4 -16
-2 -5 -3 -4 -4 -3 -10 -2
8 6 0 0 -18 -29 2 1
-11 -5 -1 0 13 -7 10 -59
11 3 0 -2 -7 9 -23 -3
-2 1 0 0 5 6 -5 1
5 -2 1 0 -10 -10 -26 28
-3 2 -1 1 -2 7 5 -5
2 -2 -3 -1 -7 -11 -7 31
-6 -5 -1 -2 3 5 6 -14
0 3 0 -1 2 23 20 -6
-1 -4 -1 -1 -4 -6 -12 35
-6 -3 -2 -3 -6 7 10 15
-4 -6 -3 -4 8 0 -6 -12
-2 -3 -1 -3 -10 3 12 2
-4 0 0 -2 1 -3 -6 16
7 -2 -2 -2 -2 -5 -6 1
3 3 1 2 -1 5 3 -44
-5 2 2 2 5 -8 2 -116
-5 -3 -1 -1 3 9 23 62
5 -1 -1 -3 -2 -7 -19 -14
-2 0 0 -2 0 -10 31 -23
4 0 0 1 7 2 9 3
3 1 0 1 -3 21 1 -4
-1 -3 -4 -3 6 -17 7 21
4 2 -3 -2 -6 -1 -12 37
-5 -5 -3 -1 -10 -9 -1 12
0 -1 -2 -1 -2 -7 -7 18
-8 1 1 -2 -5 -1 -3 6
-3 -6 -5 -2 -7 -1 5 10
-5 -4 -1 -2 18 14 9 37
6 3 1 0 -1 -16 -14 -32
-9 -4 -1 -1 4 11 -7 -26
9 1 0 1 -14 -3 -8 27
7 3 -1 1 4 11 0 -20
-2 -3 -1 -2 -7 -37 -15 -2
-2 -3 0 0 8 26 -4 11
-6 2 2 2 3 4 22 2
4 -2 -2 1 -4 -3 15 8
3 0 -2 -1 -1 3 -28 29
7 2 -3 0 0 -13 12 44
-4 -1 0 0 1 4 -18 -30
-8 -6 -2 -2 -13 -9 -4 -18
-1 2 1 2 6 -4 9 -2
1 0 -2 -3 -9 18 14 -1
0 -3 -1 -3 -2 -1 -23 -18
-10 -2 -1 -1 -3 -22 -2 -19
12 -2 -2 -3 -6 4 8 12
-4 4 0 1 -5 -15 -8 40
7 -1 -1 2 11 15 3 -6
-3 -3 -2 -2 -3 -2 -34 20
-1 -2 -1 -2 0 8 19 7
11 2 0 -1 -4 -13 -8 17
-4 0 -1 -2 -3 -4 2 -10
-1 2 0 0 1 1 0 19
-8 -2 0 1 6 -15 1 -24
11 -2 0 -1 -1 4 0 10
-1 2 0 -2 2 -16 -5 -38
-5 2 -1 0 -5 4 7 -11
-2 -3 -2 -4 -5 -5 -5 5
-8 -2 0 2 8 -20 4 -33
-5 -3 -3 -2 1 -10 -4 8
11 -4 -3 -4 7 6 -4 46
-13 -3 -1 -2 -5 13 39 -10
-5 -3 -4 -1 0 -1 -8 12
-5 -4 -1 -1 -4 12 1 -22
8 2 0 -2 -11 -14 -25 22
-5 -3 0 1 7 11 8 -11
-4 0 -1 -3 -7 -11 4 -15
-6 -2 -1 -2 1 8 8 4
0 -2 -2 0 7 -5 -18 5
1 1 -2 -1 -18 0 -10 -1
-4 -1 -1 0 -8 -12 5 9
-1 -1 0 1 1 20 0 -33
-10 1 0 -1 -6 -14 4 -10
4 2 -1 -1 4 12 -14 -39
-1 -5 -2 -1 2 -9 -13 38
-1 1 -1 -2 -11 -18 7 2
2 0 1 1 9 12 6 -13
3 -3 -1 -2 14 8 -5 36
-5 1 0 2 -7 2 -23 -73
-2 -2 -2 0 2 -2 -5 18
-4 -1 -3 -2 -6 -12 2 -9
0 -4 0 0 -4 -7 -13 -7
1 -3 -2 -3 0 5 8 -8
4 -1 1 -1 -3 -11 -18 36
-5 -2 -2 -1 -2 18 50 -53
3 2 0 -3 -13 7 -25 24
-6 -1 -2 2 15 8 20 -4
4 2 -1 2 -1 2 1 14
-7 2 -1 -1 -3 -1 -10 62
12 1 1 0 6 -2 -10 -29
-3 -2 -2 -4 10 14 -16 6
-1 -2 0 -1 -13 -22 6 -12
-6 -5 -2 -1 9 15 -2 -19
-13 -1 -3 -2 9 0 -18 0
20 3 2 1 -7 7 15 -24
-8 -1 -2 -2 3 4 3 3
2 -2 -2 -1 -6 -9 -7 -21
-2 1 0 3 -3 -10 21 -4
-13 -5 -3 -4 -14 0 -1 -67
1 -1 -3 -6 -4 16 5 25
4 1 1 -3 3 -21 -6 -7
-1 0 0 -1 -10 -10 0 -1
-9 -7 -1 2 -1 4 1 24
7 4 -1 0 -3 -4 12 -37
-8 -3 -2 -1 -3 5 14 -27
7 1 -2 -3 -12 -26 -7 39
5 1 0 -1 2 -6 2 38
-6 -3 2 2 0 8 3 -22
2 -3 -2 -2 13 5 -5 2
-15 -4 -2 0 1 4 -5 0
5 1 -1 -4 -14 -7 -31 24
-2 -3 -2 -1 4 2 -4 36
3 3 0 1 -11 0 -1 19
5 -1 1 4 14 17 11 45
-6 0 -2 0 -9 -1 -12 -25
0 1 1 2 9 7 -7 -5
0 -2 0 0 -2 -7 -10 10
-5 -5 -2 -2 -1 0 -5 34
3 2 -1 2 -3 -2 16 -1
0 -2 -1 -1 0 0 -9 -1
-4 1 -1 1 2 9 12 30
5 -2 -1 -2 -5 -7 -3 -18
-7 0 1 0 8 18 8 -7
7 -1 -2 0 4 -13 -4 -9
1 -2 -1 -4 0 1 -5 13
-9 -4 -1 -2 -2 3 -10 -46
8 2 -1 -1 3 -3 -10 10
-9 1 0 1 -13 -7 11 2
-2 0 0 1 0 -26 -1 -27
1 -1 -1 -1 13 -4 1 44
0 -1 -1 0 -1 -9 11 16
-7 -6 -1 -2 -10 -10 -13 15
8 5 -2 0 2 2 -14 7
-11 -1 0 1 -5 -6 13 -21
6 -1 0 0 4 -11 -1 -19
-2 -3 -4 -3 11 23 -6 29
-3 -4 -3 -4 1 4 24 6
-2 1 -2 -3 -2 1 1 -3
1 0 0 -2 0 30 5 -37
6 1 -3 -1 17 -4 -12 6
