1 -2 -11 -85 -44 17 7 -2
6 9 12 -17 46 14 15 5
-5 -6 -6 -13 34 36 -1 -5
-1 -1 -2 -16 -42 -59 -8 -6
-4 -6 6 86 75 38 -16 6
1 -4 -27 -120 -40 14 21 7
-3 -1 -2 -11 -99 -100 -23 -23
0 2 14 100 79 12 15 19
6 1 -8 -16 104 39 13 7
-20 -19 -13 47 -103 -93 -49 -28
4 0 1 10 91 -3 -9 21
0 3 0 -29 -16 4 8 -71
-3 3 16 118 1 -35 -14 46
6 1 -5 -49 -30 30 10 9
-7 -3 1 59 63 52 11 -29
0 -8 -6 -13 31 -30 -20 25
4 3 4 -17 91 54 19 -5
-6 -6 -9 -21 -58 -22 -14 -19
0 -2 -5 19 -13 -55 -8 15
6 8 9 -24 30 73 7 8
-10 -5 -3 9 6 -31 0 -25
0 1 -4 -5 71 -26 -5 10
4 -3 -9 -57 -106 -56 -9 31
-7 -1 0 23 69 -4 5 -34
0 2 8 29 24 -6 -5 -2
-4 -6 -18 -53 -45 12 1 -16
6 3 5 0 -58 -52 -5 -3
-2 -2 -8 -74 -103 -10 13 36
-1 -2 -4 43 79 4 -12 -14
1 4 14 71 -34 -12 4 -2
-2 -2 -5 -54 67 38 2 1
4 3 12 105 15 -13 -5 -1
4 -1 -9 -3 -28 -41 6 24
-10 -3 -10 -78 71 3 -5 -36
0 2 3 18 49 22 4 -25
5 1 7 0 43 40 11 42
-6 -4 -7 3 -38 10 1 -7
10 8 6 4 93 7 7 18
-11 -6 -1 10 -56 16 3 2
4 -1 -11 -84 -28 -17 -12 2
0 5 13 37 42 15 11 -5
-3 -12 -24 -53 -54 -35 -9 6
-3 1 10 69 69 62 7 -2
3 0 -9 -58 -100 -58 -14 14
-9 -8 0 87 -2 -10 -17 -12
3 3 9 20 54 3 -3 1
2 3 0 33 28 12 5 11
-6 -4 -6 -24 -14 -35 1 -21
1 2 7 -1 35 33 1 -1
2 3 5 -10 28 -6 12 12
-1 -5 0 95 82 -5 -18 9
-1 -1 -6 -63 -80 -17 8 -8
-2 2 2 -26 -7 -14 -10 -15
2 -2 -3 -29 -52 23 7 2
0 0 5 7 9 -5 -6 -9
2 3 7 48 45 22 -2 -5
0 -2 -4 3 38 10 2 11
2 3 9 39 50 2 2 13
-11 -7 -21 -110 -100 -49 -25 -32
6 5 6 10 77 18 -6 18
-4 -1 -8 -44 -10 29 17 -22
-6 -4 5 94 41 -11 -15 -1
4 5 7 -2 -32 6 9 -27
-1 -3 -3 41 56 28 2 37
3 -3 -9 -23 -1 -2 5 15
1 3 11 39 -28 12 -7 4
-3 -3 -2 -12 28 -13 6 -1
-3 -2 -1 16 23 12 -5 -32
4 3 4 5 -58 -54 -10 -6
-5 -5 -6 -11 -42 11 2 15
6 1 -3 -61 10 18 15 33
-12 -2 0 -9 -73 -69 -14 -46
0 -2 1 -4 -20 -4 -20 -10
3 -1 3 31 69 9 4 28
0 -6 -6 -1 -46 -6 -2 15
-5 -4 -6 -20 5 24 8 -3
4 6 16 59 81 1 7 3
-7 -4 -15 -86 -18 15 -8 -27
4 3 13 45 12 -3 4 25
-8 -11 -16 -20 60 21 0 -28
-2 -1 -5 -35 -102 -1 -2 2
2 2 6 32 -24 -11 5 1
2 2 -2 7 65 -3 3 3
3 0 4 -1 56 32 3 0
1 -4 -2 0 35 39 7 33
-1 -2 -9 -40 13 1 1 -28
-6 -1 -3 -40 -19 -18 0 -10
1 1 6 37 67 11 -5 4
-7 -6 -14 -33 -31 10 6 -10
7 0 -1 -25 -55 -24 -8 18
-9 1 4 26 18 0 3 -59
6 1 2 10 -70 7 -1 56
-2 -4 -7 -53 54 14 1 -7
-8 -1 3 5 -104 -41 -3 -19
2 -2 -2 14 50 -2 -6 1
-2 -1 4 39 -17 -2 1 -11
2 5 3 -13 -31 -1 5 6
-3 -3 -4 38 45 57 3 6
-1 -2 -8 -14 -12 -11 -15 -9
8 4 10 24 -2 20 11 36
-12 -6 -4 3 -54 -74 -16 -73
5 3 3 -3 127 86 27 57
-2 -1 3 58 -12 -38 -11 1
-2 -2 -6 -12 32 20 -4 -14
8 3 8 46 -35 -7 8 20
-10 -3 -5 -71 -45 0 0 -45
5 3 10 60 44 38 3 11
-13 -7 -19 -91 -92 -43 -5 -40
0 -2 -2 -3 74 28 -2 19
0 -2 -3 7 36 -36 -10 -2
-1 -2 1 28 -82 2 -2 15
-1 1 -4 -12 36 -7 -4 -21
0 1 4 11 91 24 11 29
-7 -7 -8 44 -2 -70 -22 -15
2 1 -7 -107 -13 45 13 2
-5 -4 1 58 -46 -20 -13 -22
-3 -6 -10 -44 -75 16 2 18
9 4 6 -1 -52 -4 -1 26
-5 -5 -11 -35 4 0 5 -6
2 1 2 4 -3 -33 5 6
2 -4 -11 -70 -24 -45 -19 8
-11 -4 -1 25 -14 34 -4 -50
1 2 8 52 76 -41 5 13
2 -3 -9 -48 2 5 -3 13
1 4 9 48 -68 11 -6 -11
2 -2 -5 -46 -78 -18 2 9
-1 -5 -4 26 92 -56 -11 13
5 5 16 14 -3 -3 6 -5
-11 -13 -9 88 70 43 -14 -25
-1 -2 -11 -82 27 -8 -3 6
-4 -1 -1 -23 -23 30 3 -5
7 3 4 -5 -54 -14 5 37
-11 -3 2 17 77 -6 -6 -20
3 3 9 17 13 -4 10 8
1 -6 3 46 27 21 -6 -9
1 -1 1 25 114 45 6 7
5 0 -8 -103 -108 -74 -2 12
-4 4 2 -21 -49 14 3 -22
-4 -3 -8 17 39 7 -12 -7
2 -2 4 56 -33 10 6 -4
1 4 1 -65 41 27 17 12
3 -1 7 41 63 16 -4 2
-3 1 -9 -105 -128 8 -1 -13
0 -2 2 54 53 16 -2 4
5 0 -3 -25 -38 12 9 10
-4 -5 -7 0 -27 -61 -13 -1
-5 -2 2 47 68 3 -6 -9
-4 -2 -4 -6 26 2 -4 -5
2 4 7 12 3 -2 4 5
1 0 0 -3 3 -23 -3 2
-2 -4 -9 -9 -44 19 1 -3
-2 1 -2 5 -62 -38 -6 -6
0 -1 -1 35 -11 -4 -1 0
0 3 7 82 65 54 2 -6
1 -1 -3 -49 -62 -23 6 9
-2 1 -5 -35 -43 15 -1 -5
-1 1 -1 24 -43 -28 4 -4
2 -3 -3 -44 15 31 1 6
4 4 13 28 -31 -5 3 5
-2 -2 -1 18 80 48 8 -5
0 -2 4 57 63 -17 -10 -5
-1 -2 -13 -17 -2 -23 -5 -2
-2 2 0 -62 1 -4 6 0
0 -7 -11 -23 22 -47 -22 -14
0 -1 -6 -11 -50 3 3 -13
-3 -1 6 52 -48 -6 -5 44
-4 -5 -4 9 89 19 -13 -12
-3 4 7 18 -25 27 7 -3
-1 -1 -4 -48 46 13 13 1
7 3 6 36 -20 -2 -1 1
4 4 2 -7 -37 -2 3 2
-4 -2 -9 -29 -94 -47 -3 1
-2 -3 -1 -11 50 16 -12 -17
3 -1 5 12 -57 -4 3 22
1 -4 -6 24 80 -16 8 6
-4 -3 2 40 52 31 -3 -13
-4 0 -2 -20 -30 -16 -9 -3
2 1 -5 -24 27 -26 7 -10
-2 -4 4 79 5 -4 -20 -10
3 -3 -15 -101 -21 26 9 -10
-3 -1 5 69 42 -9 -5 24
2 3 10 47 121 6 8 -10
6 0 -3 -16 85 3 -2 24
-1 2 5 15 39 -4 1 -6
0 0 2 -61 6 42 2 0
3 -1 -8 -119 -37 -76 -3 11
-6 -3 1 30 -35 20 -1 -20
-5 4 8 16 27 -2 -4 -15
6 -3 -12 -46 -45 -15 4 47
-1 3 13 114 94 43 5 -15
-8 -8 -25 -125 -98 -33 -10 -14
-4 -2 1 17 82 0 0 0
1 1 1 -11 -76 -19 5 1
-1 -3 -10 -49 37 10 -7 -23
-1 2 6 33 -42 21 9 6
4 2 2 -9 -19 -59 -2 24
-1 -4 -6 -8 -1 -6 -5 3
-12 -4 1 68 -20 -26 -21 -48
9 6 2 -22 -31 -26 11 12
-8 -5 6 88 24 -10 -16 13
-1 0 -8 -34 15 9 2 -5
-4 -6 -6 17 51 -2 0 3
-4 -6 -10 -62 -25 15 -8 -6
5 4 4 4 23 39 15 1
0 0 1 23 63 -49 -18 -7
-7 -5 -12 -34 8 14 -4 -2
-1 -3 4 96 85 0 -7 6
6 -4 -15 -92 -43 22 2 5
-4 5 16 62 9 25 9 -11
3 1 -12 -87 -99 -12 3 11
-9 -4 1 84 41 41 5 -41
1 3 1 -52 8 -30 -7 18
5 0 -6 5 -37 39 -3 17
2 5 6 5 -30 -2 11 9
5 6 15 53 32 46 19 17
-3 -3 -6 3 6 33 -3 -15
-5 -7 -14 -69 -76 -50 -18 -19
0 -1 1 -16 -37 2 -2 7
2 3 0 -36 50 25 10 8
-8 -8 -12 -4 -66 -45 -20 -16
1 4 18 92 102 20 21 9
-3 -2 3 64 41 -20 -10 -10
-1 -2 -8 -54 7 -43 -7 -4
-2 -1 4 20 26 -23 -7 7
-6 -7 -14 -47 -22 -11 -11 -16
-4 1 8 40 80 19 2 -4
1 -2 -7 -40 -34 -37 -5 1
3 3 -1 -8 55 20 7 3
1 3 5 15 -63 -14 1 -5
0 -6 -13 -55 8 -7 -1 0
0 5 15 34 -5 -27 0 -3
6 -3 -3 -10 12 44 6 -18
-3 -4 -1 49 32 -33 -5 14
14 5 -3 -51 -118 44 6 17
-13 -4 -4 6 39 13 3 -14
-1 2 3 5 27 -21 -3 -5
7 11 23 62 8 32 15 -5
-8 -16 -22 10 34 -10 -24 -17
4 2 2 -10 24 43 13 37
6 5 5 -16 62 -60 5 6
-9 -9 -12 2 40 49 -11 -15
-8 -2 4 32 -52 -6 5 -4
11 3 -2 -67 -54 38 3 -6
-14 -15 -16 55 -4 -58 -20 19
-6 2 4 -4 -6 18 12 -29
4 5 6 0 39 18 4 2
-2 -3 3 -4 -55 18 -10 -9
-5 -7 -11 -41 -4 -6 -10 3
4 -1 3 5 99 9 -3 2
-2 3 4 47 27 16 16 5
-2 -1 5 69 83 -12 -6 -27
-3 2 2 -3 -15 7 11 40
1 -2 -4 -20 -38 -2 -5 9
0 0 -1 -2 2 -18 -9 -11
-3 2 -1 10 -7 4 1 3
2 1 3 7 -61 15 3 -17
-3 -3 -7 -49 33 16 4 -2
2 3 6 -24 -76 -8 -1 13
-7 -12 -18 -32 -22 -56 -21 5
-2 4 13 68 85 68 14 -15
1 0 -6 -61 5 -47 -4 5
-5 -2 -9 -53 -50 18 -5 -13
4 6 17 68 99 -6 11 6
1 1 -4 -44 -85 18 -1 -6
4 -3 -8 -34 -48 6 9 33
-7 3 10 75 38 0 3 -21
-8 -14 -34 -109 -104 -45 -21 -5
1 7 17 73 50 28 2 -40
9 3 2 8 8 10 12 58
5 2 3 -22 -20 6 8 6
-11 -7 -7 54 54 2 -8 -10
10 1 2 3 30 12 -3 8
-17 -2 -6 -64 -8 -1 6 -59
4 1 3 -19 7 -1 10 17
9 9 15 15 -44 24 0 4
-15 -19 -24 -28 -50 -58 -34 -23
1 2 -1 11 121 7 4 -14
3 3 11 64 71 30 13 9
8 5 -5 -112 -87 -59 -5 -1
1 4 5 -4 35 19 14 3
-2 -5 -2 33 26 -22 -11 3
-5 -3 -6 -70 -5 19 -7 -25
0 1 5 29 -18 -8 -1 -6
3 -2 -2 -20 57 4 6 43
-5 -3 0 27 -40 -102 -29 -26
4 1 -10 -95 -48 -20 7 16
-1 -2 7 91 111 12 2 3
4 -5 -7 -57 -49 49 9 16
-14 3 12 56 85 26 6 -49
-7 -7 -7 4 36 -33 -23 0
3 2 -8 -114 -116 -1 4 3
4 5 8 -22 15 37 17 3
-7 -17 -22 -2 -50 -16 -21 -2
-2 -3 -3 39 16 19 1 -7
-5 -2 5 55 90 -4 8 7
0 3 0 20 -41 -41 -10 -5
-1 7 18 82 45 43 4 -29
9 -2 -9 -71 -55 -13 5 74
-1 1 -3 -2 -18 1 -1 -29
-2 2 7 49 -14 20 1 -1
7 3 -4 -29 -8 -15 8 4
-11 -7 2 109 68 -15 -20 -19
11 6 4 -28 87 30 10 6
1 4 2 -57 111 -11 11 7
-8 0 -1 21 -47 23 -6 -5
0 -4 -24 -128 -49 -53 -7 -3
6 -1 5 82 99 -4 4 33
-10 1 4 -23 -121 5 8 -51
5 1 -2 -33 40 9 8 20
8 2 16 36 101 43 5 4
-2 4 7 59 12 -38 -4 6
-1 -10 -24 -68 30 8 -2 7
4 2 4 4 49 7 0 10
3 7 19 89 -9 27 15 -7
-22 -25 -48 -115 -98 -22 -35 -28
0 2 7 83 39 -46 -7 -12
10 0 0 -7 -20 2 -4 44
-8 2 2 24 99 8 6 -25
2 0 5 -37 -108 -10 1 17
-5 -6 -9 31 56 -37 -10 -6
-7 -2 -4 -22 -37 -28 4 -23
5 -5 -5 38 -58 -14 -19 6
0 9 16 -36 -67 53 24 -8
-11 -7 -10 54 10 -49 -26 -24
6 -1 -3 4 55 15 12 24
0 -2 2 30 -44 -16 -1 18
0 -1 8 7 123 5 6 -7
5 3 -7 -75 -11 39 13 19
-3 -3 3 33 35 -34 -20 -16
-5 -5 -10 -56 5 26 6 -3
7 5 5 31 58 1 8 10
-2 0 4 -12 -93 -39 -7 -1
-4 -4 -1 61 74 45 -11 -13
-5 -1 1 0 44 -33 -4 -25
-3 -2 0 4 -61 -14 -3 22
8 2 11 43 87 89 14 14
3 -2 -7 -24 -45 -18 -13 1
-7 0 -2 -3 -78 -25 5 -13
2 -6 -11 -3 0 2 -17 -13
-3 0 3 36 31 48 6 11
-11 -4 -1 -2 22 -14 -2 -22
2 0 2 25 74 30 -5 -12
5 2 -2 -71 -60 -32 13 21
-5 -7 -5 43 31 -14 -11 -17
7 5 4 -80 8 50 11 29
0 0 9 88 93 -27 -5 4
-6 -2 -2 0 11 30 -1 -22
7 5 1 -62 -40 -24 1 10
-9 -8 -6 32 -41 -44 -12 -14
-1 2 1 1 -78 51 10 -4
5 3 14 116 63 2 -3 16
0 -3 -7 -58 -33 7 3 -5
-1 2 5 16 -59 -38 -5 -2
4 -3 -2 11 -13 -31 -12 10
-5 -7 -33 -76 -11 4 3 -27
-2 -1 2 54 -16 -14 -8 39
-1 1 5 24 -52 21 3 -18
-4 -4 -9 -24 -57 8 -1 -3
-2 2 14 47 80 -9 2 4
-2 2 5 43 72 -5 1 -17
14 5 -7 -91 -71 -24 3 21
-10 -12 1 67 79 17 -6 11
-10 -4 -14 -78 -78 -14 -3 -35
0 0 4 46 -21 -34 -3 -6
-3 -2 2 16 8 12 2 15
4 2 -1 -20 80 -28 -11 -1
0 3 12 57 55 12 8 6
-1 -4 -6 -24 -6 -8 -2 22
-1 1 0 -18 -14 28 7 -11
-4 -1 -4 -44 8 -7 3 0
-4 -7 -3 7 -73 -2 -16 2
0 2 -4 -61 28 4 1 -16
1 0 5 42 72 20 7 4
2 4 6 54 78 -6 4 6
4 4 0 -35 -61 1 1 1
-8 -8 -1 49 2 -17 -10 -13
-3 -1 -7 -23 -7 -11 1 -28
1 1 5 27 35 -4 1 36
2 -2 -1 -4 -9 10 -3 0
6 4 0 -21 -31 -1 12 13
-8 -3 -2 33 110 23 6 -22
-2 1 -1 -25 -26 -17 -6 -23
4 5 15 84 -42 -1 1 14
-2 -7 -12 37 84 -9 -15 0
4 6 11 70 9 65 8 14
-2 -2 -12 -75 -90 -21 6 -6
-2 -2 6 76 46 11 -6 -3
-5 -5 -3 -18 -70 -52 -8 -1
5 2 1 40 -19 -15 7 16
-9 -10 -11 -28 -42 -20 -15 -21
-1 -6 -20 -66 69 42 3 2
-1 5 11 0 21 -13 -1 -13
-3 -4 -8 -92 -8 21 1 7
1 -2 -5 -71 -46 -32 -4 -2
-2 -5 -6 -13 97 -9 1 0
1 1 -2 -13 -10 33 10 3
0 2 7 -3 -9 36 4 2
6 1 3 15 18 18 3 -1
4 3 6 62 6 -45 -6 -9
-5 -4 -7 -75 57 -7 3 6
2 -2 -5 13 81 3 -1 0
-5 -1 4 32 74 -32 -9 -1
4 0 -4 -20 -16 -7 1 3
-7 0 11 95 -29 27 6 -51
2 -1 -9 -108 -45 -42 -9 3
-3 1 -2 -19 124 53 -3 -7
-4 -2 0 11 33 10 10 12
8 4 6 27 -7 13 -5 8
-7 -8 -7 -18 -35 -25 -6 -2
-2 -2 -8 -22 2 30 7 -12
0 1 4 -14 -2 34 8 9
6 -3 -2 -65 -106 -49 -9 16
-2 -2 0 63 21 36 0 -14
3 -1 1 -33 -13 7 3 21
-6 -1 2 16 -75 -23 -5 -33
-3 -2 -12 -18 127 28 2 26
3 0 5 60 46 2 -1 12
-7 -4 -15 -73 -114 -27 -10 -42
9 2 4 -7 47 -2 4 56
-14 -8 -1 66 -45 -10 -3 -41
0 -1 -5 -19 59 4 -10 1
6 7 9 54 42 -27 6 4
2 -1 1 19 43 19 -3 6
4 4 5 15 -43 8 0 9
-1 -2 -3 -3 -52 -21 -1 7
1 1 7 12 -26 -23 2 0
-5 -7 -16 -43 -21 -17 -14 -15
0 1 7 32 15 0 10 13
-3 -2 -8 19 17 -25 -6 -11
1 0 3 12 26 26 8 4
-7 -4 -4 11 -10 -14 -12 -13
2 4 6 41 -55 34 1 -11
5 0 -1 -24 -76 -37 8 26
-6 -5 -3 5 -49 -1 -16 -16
-2 -6 -7 17 109 28 8 -3
5 4 7 32 8 -1 1 -5
0 -1 -3 -60 -26 -27 -11 13
-9 -6 -3 44 21 -2 -4 12
0 8 21 52 -25 21 19 -6
-4 -11 -22 -71 4 -8 -15 -4
-6 -4 1 46 -29 -36 -13 -25
6 2 1 -26 43 27 7 14
3 3 2 -40 -93 -12 -4 3
-1 -1 2 76 52 -67 -5 -5
4 2 2 -50 86 27 9 14
-1 -2 -5 15 0 40 -4 -3
-7 -7 -9 -37 -85 -36 -17 -14
2 2 -2 -16 -35 -6 13 11
1 -1 -7 -58 4 -7 8 -1
1 0 4 44 -7 -6 -4 -13
2 -1 0 -20 17 24 4 4
0 -3 -4 -13 45 9 -10 -18
-7 -4 6 89 18 16 -1 20
1 -1 -5 -33 -10 -55 -11 -12
-2 -1 0 -13 -9 22 1 7
2 -5 -5 6 27 -37 -14 11
-10 0 3 0 -54 20 4 -44
5 1 -6 -48 31 -8 9 -9
-4 -4 0 35 87 -2 -3 -4
5 5 7 12 12 29 6 10
-3 -3 -6 -29 -23 -7 -6 -5
4 3 3 12 21 0 4 17
4 2 -2 26 -17 -57 -7 -4
-11 -2 1 -42 3 43 13 -13
-2 -6 -10 31 99 -67 -27 -3
-2 -2 -2 19 -58 29 8 0
-2 -2 -4 -28 -17 -42 -14 -2
1 4 5 7 64 13 -1 -5
4 2 -1 -29 -75 -1 7 17
-3 -2 -3 -3 33 -11 0 -2
-3 -1 -1 10 64 4 3 -6
-3 0 -2 -44 10 4 -2 -12
-2 -6 -6 -11 36 -26 -12 6
-4 -3 0 26 95 34 3 1
-1 1 1 -16 -116 -12 -3 -2
-3 -4 -1 23 -24 -35 -5 8
1 2 3 38 12 27 6 -8
-1 0 1 -18 1 -41 -8 0
-2 0 -1 -5 33 1 2 -7
4 1 -1 -13 -30 2 1 13
-7 -5 -5 5 10 29 -4 -11
0 3 3 27 -27 23 4 6
1 4 9 19 94 28 8 2
-3 -8 -20 -65 23 -28 -7 -6
8 6 7 -57 36 27 10 5
-6 -6 -5 24 -23 -9 -7 -7
5 0 1 12 26 15 4 5
-2 -1 1 -7 -16 23 7 -5
0 0 3 31 -52 7 -1 -6
2 3 6 4 41 -22 2 4
-4 -4 1 50 -104 -27 -12 -9
0 -4 -5 42 26 -14 -7 0
-2 -1 -6 -68 -79 -11 -4 -3
3 4 8 2 -63 40 11 -1
-1 -1 3 76 53 19 1 3
-3 -2 3 55 -5 -36 -14 -5
3 1 1 32 41 0 6 4
3 1 3 14 -62 -17 3 7
-6 -8 -4 -4 27 11 -9 -4
6 0 3 9 87 26 3 23
-15 -24 -5 -3 -16 -9 12 -54
-21 22 4 1 -9 -2 -11 29
28 21 -5 -4 -3 -17 -14 57
37 4 0 0 13 18 -16 5
4 0 -3 -1 2 25 25 25
-4 -9 -2 -4 -4 -6 -7 -29
-25 -10 -1 1 -10 4 -3 -80
-51 0 -3 -2 -2 12 21 -25
3 -7 2 4 -1 6 -25 -6
2 -16 0 0 -2 -14 23 22
55 55 13 10 15 40 -6 65
-43 -93 -21 -8 -15 -53 9 -40
33 71 13 3 1 6 -7 13
-61 -15 -4 3 14 14 -7 13
0 2 1 2 10 -1 29 -47
21 -5 2 -6 -23 -21 -16 75
-1 -16 -3 -1 8 -5 23 -17
26 -1 -1 -4 -13 -34 -11 29
18 -4 -2 -5 -8 -11 -7 32
-38 10 0 4 11 17 17 20
-9 -36 -10 -4 9 10 -11 45
21 42 6 2 -13 -4 -8 -54
12 3 0 4 28 13 -13 4
-11 -14 -5 -2 -42 9 29 10
-4 -5 -6 -12 -8 -4 -4 1
3 -4 0 5 23 5 1 -27
-7 4 1 1 -3 0 -3 -19
9 5 2 0 14 -3 -7 -35
-18 -35 -6 3 8 11 -8 -21
-5 20 2 0 -2 -5 0 18
-6 -4 1 4 -20 16 9 -68
4 2 -2 -1 6 -3 -14 15
-7 -18 2 1 -11 -4 15 -12
21 22 -1 -6 1 -5 4 -26
4 13 4 7 30 18 4 0
-6 -32 0 -4 -34 -11 -9 -25
-33 8 -13 -9 8 -20 -31 0
-1 -12 -2 -4 3 -12 17 105
3 -2 -1 1 5 -2 0 23
11 -16 1 4 32 17 15 -109
48 51 8 4 4 -2 -15 16
-8 -8 1 6 -16 38 36 7
-16 -5 -3 -5 -4 -20 -14 -30
0 -4 1 1 9 -5 -1 32
2 6 3 2 -4 10 14 18
-11 0 0 2 5 1 -13 -24
10 -1 0 -4 -16 -10 11 -12
-17 -5 -12 -4 -1 -10 -40 31
-29 -8 7 9 9 24 35 -29
4 -10 -7 -5 5 -10 -20 -4
-12 -11 -1 -4 2 -15 -15 10
9 9 1 -13 -46 -15 -10 -47
11 1 -1 -2 -26 -15 2 20
-30 -33 -7 1 8 11 5 45
2 3 -1 -6 -13 -8 6 1
-12 20 0 14 33 42 0 -50
12 -1 2 -1 4 -18 -3 32
-38 -73 -10 -7 -11 -6 -34 -106
22 35 4 3 4 14 -1 -5
-9 -6 -2 -2 13 1 2 65
-6 -1 -3 -1 -5 5 5 -27
5 -1 2 0 3 -24 -20 -48
-2 -28 -4 10 21 23 17 -3
-4 16 0 -6 -16 -29 -19 -58
-14 -36 -6 0 9 0 -25 48
46 28 3 -2 5 0 5 66
-36 -10 -5 -9 -52 -26 26 -5
8 1 3 2 22 5 25 35
21 14 2 -6 -29 -29 -7 19
-36 10 0 4 7 19 12 38
18 -12 0 -3 2 0 -15 -37
5 -7 -3 -6 -10 -29 -17 110
-7 14 3 6 27 0 21 8
15 16 1 -2 -9 14 -14 -35
20 -21 -9 -6 2 0 -19 56
-21 -12 -2 -1 -2 -2 4 56
-1 4 -4 1 4 26 -32 -92
24 24 2 -3 -12 -17 6 20
4 4 0 -4 13 -18 9 15
-9 -25 -5 -2 -18 1 -13 31
14 18 0 0 6 15 -4 -65
-1 3 -5 -7 -12 -53 -32 22
-6 8 3 7 34 21 11 17
13 16 4 -5 -45 -14 7 -17
-8 -6 0 -1 2 -5 -1 -13
-6 -3 -1 -5 -2 -5 -12 -42
-26 -19 -3 -4 -5 -6 -4 -25
18 47 3 6 27 12 4 36
22 -2 -1 -5 -3 -7 -15 52
-27 -15 2 2 -7 21 24 -58
-17 15 -3 -8 -8 -29 -13 -58
8 -18 -3 3 18 24 6 -54
-44 -44 -5 -3 8 1 19 2
36 58 10 7 6 11 5 -17
-17 -18 -5 -9 -58 1 25 -29
-14 11 0 -2 11 -9 -3 -51
-9 -35 -7 1 12 23 0 37
6 -41 -6 -1 13 -3 -18 2
39 37 9 3 6 3 -24 -1
4 -18 -2 0 -2 18 31 86
21 30 3 0 3 -8 6 -34
11 5 3 3 14 13 -12 20
7 -8 0 -3 -3 -10 -2 26
-15 -17 -7 0 6 10 -13 -80
17 15 2 3 15 7 -3 9
-4 -1 -2 -4 -42 -6 36 74
-15 -4 -2 1 12 -15 -35 -74
20 13 4 3 15 -1 1 9
-24 -7 -6 -11 -31 -15 18 -13
8 -3 -1 -1 16 5 0 -52
-17 -17 0 5 9 11 8 90
4 0 -4 -7 -44 -23 -11 55
26 39 4 4 5 -19 -2 20
-23 -6 -6 3 8 -9 -1 36
30 14 1 -6 -6 -8 7 40
4 -9 -3 -4 -26 -2 8 70
-38 -4 0 0 -10 -6 -12 -62
-18 -15 -2 2 8 14 -6 -55
9 15 -2 0 5 9 20 35
-6 27 8 7 22 12 16 -33
21 -2 -4 -4 -2 0 2 31
-14 -24 -5 -5 -16 -3 -12 78
0 19 0 -1 2 -13 -4 35
-3 -18 2 0 10 19 -10 -8
4 13 2 0 3 -7 -14 20
-13 -2 3 6 12 12 -9 -112
13 -5 -6 -6 -11 1 15 48
4 -40 -2 -1 2 -16 -28 -6
18 24 5 4 9 9 27 20
19 22 4 -3 2 -12 2 -20
-1 -24 1 3 27 20 3 -55
-20 27 1 -2 -8 -30 5 -12
3 20 2 -1 -16 -9 -15 -64
-2 1 -4 -8 -6 -23 -13 34
-9 -26 -5 6 20 10 -11 -89
-5 -13 -1 1 13 2 4 24
-15 -16 -2 2 -2 15 7 67
-8 -1 -1 2 0 -8 0 -7
-3 12 0 -3 -8 -5 -9 12
7 -6 -3 -2 -2 -15 -13 -55
-12 -22 -8 -6 -14 -18 -19 -13
15 -22 2 4 7 21 -7 -18
9 8 4 0 -18 2 -7 23
-12 5 -1 2 7 -8 3 -48
6 -9 -2 -5 8 0 2 2
17 16 0 2 -2 3 5 -54
-12 -19 -3 0 -8 2 4 27
-4 9 7 3 11 6 5 -12
-2 -8 -8 -1 8 10 0 -31
13 -5 -2 -6 -13 -6 11 35
-32 5 -2 0 -3 -5 -4 -40
3 -10 -2 -6 -3 -8 -3 -56
1 -5 1 -5 -8 -2 -14 12
-3 -14 -6 0 0 8 1 31
-5 19 7 2 2 6 9 30
8 18 -3 -3 -8 -3 -12 -40
-12 -36 -9 -4 -9 5 11 15
-6 19 6 -1 0 -4 3 -27
16 -14 -6 -2 -7 12 -13 21
-43 5 -4 0 18 29 65 56
12 36 6 0 -15 -11 -4 6
5 -1 1 -1 3 -28 -17 37
0 -8 -5 -3 11 -10 -7 -21
27 19 0 -13 -84 -23 -5 61
4 -16 1 8 28 20 6 18
-26 -20 -5 -4 -11 2 10 -72
23 73 10 11 31 18 4 46
-23 -41 -6 4 16 17 19 16
-6 3 3 -7 -21 -17 -16 -60
-5 -4 -5 -2 4 10 -3 -60
-19 5 -1 -5 -14 -19 13 51
10 5 5 6 21 32 -19 -63
-12 12 8 8 -1 17 13 3
16 16 3 7 5 30 26 9
-15 -33 -8 -11 -20 -19 -6 16
12 1 -4 4 20 12 2 48
9 -10 -5 -1 1 -11 0 16
-9 3 -4 -7 -14 -11 -5 95
10 8 3 2 -5 -10 -18 -82
9 5 0 -6 -8 -21 -11 6
-19 -16 -1 2 8 19 20 1
-8 -30 -2 -1 0 -7 5 30
-6 23 -3 -1 -12 2 -12 -33
-5 -6 1 1 17 -2 -8 -48
7 -2 3 -2 8 -33 -21 -110
0 18 -5 -5 -16 -23 -5 97
-17 -15 0 2 12 9 18 -39
-25 -12 -8 -6 -31 -5 14 -19
12 2 2 -4 1 2 -9 -62
-7 9 3 2 10 12 1 -37
-12 -16 -8 -3 -27 -32 -11 -18
-10 -18 0 2 20 3 -5 15
28 31 4 -1 2 2 4 3
6 9 0 -3 -11 -10 -11 -100
-3 -31 -4 1 19 12 -6 40
15 8 0 -2 1 -8 2 -2
-7 -9 -3 0 -4 -2 4 33
-37 -4 5 5 0 14 5 -37
-26 -23 -6 -6 -3 -8 9 69
-1 3 -2 3 7 -2 -10 -8
-9 -4 0 -1 1 12 -2 31
38 0 -2 -4 -9 1 2 50
15 18 3 0 -6 -3 -21 21
-2 11 0 0 2 -1 11 32
-9 -19 -3 -1 6 -23 -7 36
11 8 -9 -4 -8 -8 -18 -11
0 -20 -4 -3 -2 15 1 3
13 23 3 -2 -1 -8 -12 -19
-11 -1 -6 -1 -13 -11 11 33
-5 -13 3 4 20 4 -3 -39
17 2 4 2 1 22 8 -9
3 7 2 -2 -4 -5 -27 -69
5 -3 -3 -6 -7 -2 -1 1
-11 0 -2 -1 11 -18 12 102
5 -5 -8 -9 -27 -33 -16 -43
-5 1 4 6 38 21 16 31
3 8 -7 -11 -12 -65 -43 -1
8 3 -1 -13 -93 6 1 24
-15 -2 5 11 42 30 -7 -80
8 6 -1 -4 -22 -4 -16 26
-5 -3 -4 -2 27 9 21 46
10 -1 2 11 68 33 3 -16
7 -23 -3 -11 -64 -36 -1 -70
-9 -8 -7 -6 -24 -10 -19 89
22 57 7 -2 -7 3 0 -28
-8 -20 -3 3 17 6 -8 47
35 44 11 10 38 47 36 113
-1 -6 2 4 18 15 -4 62
-35 -32 -5 3 -6 3 -1 -47
-6 -14 3 7 11 16 -1 -5
8 16 -2 -11 -22 -31 17 -58
-4 2 0 2 0 -5 18 4
-1 3 3 7 17 40 25 9
-15 -1 -7 -5 -13 -5 -3 48
7 -17 1 4 0 0 -24 -58
20 35 1 -1 5 -1 -10 0
-13 -29 -1 2 2 20 -1 -1
-10 -1 -1 -1 18 -5 19 39
-16 18 -5 -9 -13 -61 -30 -36
6 -26 -2 -8 -45 -8 27 -15
-3 8 1 0 -8 4 4 -19
16 15 -3 -3 3 2 -2 -34
-5 -18 3 7 23 20 2 43
3 9 3 -1 19 -4 0 -58
24 -21 -12 -5 -14 -10 -41 106
-22 2 4 -2 -18 -16 -1 -46
-13 -9 -1 5 32 41 12 -19
-14 -9 -3 -3 0 -3 13 -37
7 -29 -3 -2 -5 10 7 -43
12 39 1 -12 -35 -28 -59 0
17 -13 -5 -1 -2 -2 -17 52
-29 -42 -5 -1 -1 8 12 3
1 37 8 6 30 15 0 -13
-3 -34 -5 -5 -36 3 15 -11
-40 -12 -4 -2 -12 16 14 45
10 -2 -2 -2 -8 -22 -11 -37
-13 -16 -1 6 18 18 15 76
-3 33 7 4 20 6 40 18
23 3 1 -3 -11 -1 16 9
-12 9 -3 -6 -16 -22 -17 -52
12 3 1 1 -9 4 8 0
12 17 5 2 11 -6 8 -74
-13 6 -4 1 5 14 4 35
-10 -8 -5 6 16 12 14 18
-7 -11 -2 -6 -23 -30 -11 -1
18 10 1 -1 9 -3 -11 -61
8 -6 -6 -9 -11 -14 13 44
6 -23 -3 -4 -11 -4 -12 -9
-5 32 5 6 0 9 7 10
-8 -27 -9 -4 7 -14 4 30
9 13 7 5 14 -6 2 -12
-21 -9 -2 -1 -25 5 -12 -84
1 3 -3 -7 -7 -26 -17 -1
-22 -19 -2 4 6 2 -4 -26
4 1 0 -1 1 2 -5 0
12 15 3 4 13 2 0 16
-4 2 -2 1 7 12 2 -84
-2 -11 -4 0 -13 -5 -8 18
21 10 0 1 14 0 -17 0
2 6 1 3 36 -1 9 22
16 -5 -6 -19 -83 -53 -37 -51
-4 -25 -3 -4 15 1 -3 54
-13 24 1 3 -4 16 -6 -50
23 4 -2 -1 15 7 5 103
-15 -12 1 8 30 29 16 -76
18 2 -3 -7 -33 -18 -10 51
-7 -31 -7 -4 -13 -25 15 50
3 8 4 5 3 11 -2 -62
5 1 1 0 34 -27 2 39
11 -11 -1 -4 -37 -7 -12 2
0 -20 0 3 17 8 1 11
-18 -6 -7 -6 -36 6 4 73
5 26 -4 1 33 10 8 32
7 -16 0 -3 -37 -6 -3 -32
-4 46 5 3 9 2 -20 48
14 -16 -5 -12 -12 -51 -21 -27
-9 -4 4 0 -7 11 11 -11
14 28 3 5 13 -13 23 54
-33 -19 -4 -1 0 29 4 -51
2 5 1 3 11 28 -4 -21
-11 -18 -3 1 -4 19 5 13
14 7 2 -1 9 -11 -21 -17
-1 -17 0 -1 -6 16 11 19
-18 2 3 2 10 12 13 35
12 10 -1 2 -1 -1 -5 -4
-4 -12 0 1 9 37 -10 -10
-6 1 1 0 -13 3 17 -21
-8 4 2 -3 -3 -26 -7 -8
10 -14 1 3 6 13 4 98
-28 -22 -2 -1 -8 6 6 -22
14 16 -1 -5 5 0 5 30
17 -4 0 6 13 16 -16 48
-14 -9 0 -3 -25 -6 4 -24
-2 -3 1 4 36 11 6 -29
10 -3 1 -4 -21 -29 -32 -12
3 4 -3 -3 -8 -12 27 27
-10 -10 -2 -1 -2 -2 -5 28
-11 18 2 -1 11 4 -12 -55
19 -53 -13 -6 -14 -22 -11 -56
-21 29 9 6 14 11 -4 -66
12 -6 -3 -12 -33 -39 23 8
-5 -4 -1 6 31 15 0 -18
31 -7 -1 -5 -16 -3 10 64
-3 -8 2 6 14 3 -12 43
-21 -2 0 -2 16 26 3 -19
-3 -10 -8 -10 6 -32 -16 22
-5 5 2 2 9 5 -3 -53
27 3 1 -6 -27 -6 -14 -49
6 24 0 2 13 6 -29 6
16 5 2 2 8 6 23 -54
-40 17 1 0 -5 -6 -21 -22
3 20 -1 -2 -5 -1 4 -92
-12 -22 -5 2 9 1 -6 -15
20 -10 -1 2 20 3 16 21
-7 11 -1 -6 -33 -17 0 14
-9 -23 -9 -11 -30 -8 3 -3
-1 26 0 3 8 11 2 -25
-2 -3 -3 0 2 14 2 21
2 -3 2 -4 -22 -7 8 -8
-22 4 0 3 13 13 -12 -39
2 -24 -6 -3 -15 -5 0 -2
-9 4 0 4 7 -1 9 18
-19 2 0 1 11 -7 -4 -8
14 -17 -5 1 12 14 0 -5
-14 -10 -1 -6 -20 -25 -35 97
7 25 2 0 -27 2 -3 -9
4 -9 -1 5 22 10 -3 -33
-1 14 1 -3 16 -18 -9 25
-13 -11 -1 -3 -10 3 13 -22
-18 -12 -3 -6 -23 -5 6 11
-15 -22 -6 -4 4 -13 6 18
16 14 7 4 11 -6 5 89
-53 -39 -10 -4 6 -2 -6 9
9 43 3 -2 0 -4 5 71
-14 -27 -3 -1 -2 -2 15 40
22 0 -2 -1 14 -20 -24 -13
22 20 3 2 -5 1 33 -22
-9 -33 -6 -3 -3 -28 -15 -5
1 14 -1 3 18 15 -2 6
-12 -15 -3 -3 -21 -23 -6 59
18 7 4 5 7 18 -5 -26
-27 12 -3 -3 -4 -1 9 1
-1 43 4 5 16 15 0 -24
16 -3 -7 -9 -10 -4 8 -12
-1 -4 1 1 4 6 0 -23
1 -46 -3 1 -7 8 8 29
18 43 4 -2 -2 -1 5 24
-22 49 -2 -3 8 30 -9 -5
-23 -27 0 -4 -24 -5 -3 70
44 45 9 4 12 25 1 -34
-11 -24 -5 0 -12 7 7 4
-26 -76 -13 -1 11 -14 1 -30
16 25 2 0 21 16 1 -56
-10 7 -3 -4 -12 -11 -9 -24
-30 -22 -4 -4 -2 -1 -20 71
5 -10 4 7 -4 23 12 -61
-2 8 3 4 3 0 -8 29
-7 -1 0 -1 -8 -5 14 63
22 6 2 0 10 -10 11 -34
3 -6 2 5 5 20 11 71
-4 -25 -7 -12 -29 -46 5 -80
-2 -19 -4 -1 10 -14 -30 12
14 24 8 3 22 12 25 16
1 11 -3 -13 -19 -33 -15 -8
8 -17 -5 -1 10 13 0 9
2 32 8 6 4 13 -7 -72
4 -34 -4 -2 1 -16 -30 -36
30 36 8 9 21 17 13 16
8 36 13 0 -17 -6 61 110
-38 -36 -7 0 5 18 14 83
-12 -51 -6 -4 -12 -9 16 -1
34 91 16 9 12 25 16 9
-12 -24 -3 7 27 22 -6 -99
-36 -19 -4 -13 -67 -13 -6 -17
11 6 5 1 -1 -7 29 2
-5 -21 -7 -8 -32 -36 -9 6
3 8 -3 2 15 10 0 -48
18 -4 1 6 17 15 3 -21
-4 -25 -17 -10 0 -20 -51 -71
-36 -26 -2 -3 -23 -9 -3 -79
4 -7 -4 1 -1 19 -4 60
11 5 -1 -3 10 -25 -33 -82
-13 7 1 7 10 25 -12 51
13 -15 -6 -15 -26 -60 -7 78
-11 -10 -1 0 -3 4 -2 53
-22 -23 -5 -1 -1 -12 1 19
0 16 1 2 6 5 11 -96
84 30 10 8 11 37 17 79
4 47 13 8 -4 21 -10 -29
-25 -43 -11 -9 -4 -45 11 -9
2 2 -1 0 -9 9 -12 16
-18 -22 -6 -4 11 15 36 56
-7 -32 -6 -4 -7 -12 -11 -33
15 2 -2 2 9 11 4 -83
-3 21 3 -1 -16 2 -5 60
-7 -10 -3 -1 26 16 -10 -61
3 -19 -5 -3 -17 -13 -1 6
39 36 7 6 13 38 -12 75
0 9 -4 -5 -1 -9 0 -38
-45 -20 -4 -2 -6 -7 3 -1
20 20 -3 -13 -29 -41 -53 -83
-4 -22 -2 -3 0 -16 21 26
32 33 7 3 8 16 0 13
-15 -56 -12 3 -3 -7 -1 -32
26 23 5 -1 2 -46 -7 53
6 40 4 -1 -7 11 -3 -66
-11 -7 1 2 5 13 2 0
-28 -40 -11 -5 -4 -13 -27 -89
22 16 0 1 7 7 11 -6
-7 9 2 4 12 10 -11 -5
-4 -5 -1 -7 -7 -33 12 76
-8 28 7 2 -11 18 -13 65
-7 -9 -1 1 9 -2 16 8
-8 13 1 -4 -4 -4 -19 -5
9 -8 -6 2 -2 13 1 -79
-5 -14 3 2 25 17 9 51
-29 27 2 6 -14 35 9 -38
-9 -20 -7 -5 15 -41 -6 -47
-22 -25 0 -2 -8 -10 8 21
-10 48 4 2 8 12 0 -77
-27 -48 -9 2 25 14 -12 13
32 14 6 12 23 58 32 37
12 3 1 -7 -7 -61 -38 -72
-3 -8 1 -2 -7 -37 -14 -15
24 -14 -3 -1 3 -1 -4 78
-9 25 0 1 -16 2 2 -35
1 19 3 2 22 27 2 44
-11 2 -4 -7 -48 -13 -13 20
23 7 4 5 46 -13 -1 -87
-2 -5 -4 -13 -43 -7 15 82
-5 -8 -8 -7 -47 1 21 79
22 7 2 3 10 -3 -9 -11
0 20 4 9 26 43 1 -19
-16 -30 -6 -3 21 -6 -8 -73
8 -2 3 3 3 2 -7 40
-2 -9 -5 -11 -13 -49 -7 -41
-1 -4 -2 -8 2 -6 4 23
30 -22 -5 9 35 18 9 -33
-4 13 6 2 8 -16 -25 -100
-26 -44 -10 -6 -19 4 8 25
9 21 4 -7 -2 -19 -4 15
-12 9 -1 -2 -14 1 -19 -12
-14 8 -4 -1 -5 25 5 -22
1 19 7 15 36 42 18 8
-13 0 -1 -3 -7 -12 1 -16
13 2 -1 -10 -13 -2 -3 11
-32 -11 0 5 -1 12 19 -25
26 24 3 7 19 20 -22 -41
0 3 -3 -2 -13 2 15 33
-13 -16 0 3 28 7 11 119
11 -1 -10 -9 -10 9 2 -26
-5 20 1 -9 -53 -28 -1 45
-14 -24 -1 5 1 19 0 47
4 -6 -4 -2 8 -7 2 -22
3 3 3 7 16 18 -6 18
-10 -16 -3 1 24 39 18 3
3 13 -1 -1 -9 14 6 -11
-6 -1 0 -3 -18 -6 0 10
-20 -12 0 -6 -11 -35 -13 -22
-14 5 2 6 20 20 8 23
9 -35 -3 -4 -4 1 -15 -32
34 56 6 -2 -18 -17 2 -87
8 -35 -9 -1 15 12 -14 -5
3 -4 -6 -3 -1 -20 6 -42
-27 -59 -9 -5 10 -9 -7 -10
-16 -4 0 -5 -47 -14 -11 17
-5 31 -5 -11 1 -45 -9 23
-22 -14 3 6 -2 20 -43 -77
3 -11 -6 -3 -3 -16 25 22
-4 4 -4 3 23 11 -21 -42
-40 -5 -4 -2 0 11 24 -50
12 -9 1 1 11 0 3 5
-1 33 2 -3 -30 -14 -8 -9
-7 -24 0 0 -24 6 14 60
4 -7 -2 0 -4 18 -31 49
-12 10 -2 0 13 18 28 115
-23 -4 0 3 -3 0 -1 -13
0 -28 -5 2 5 -6 -15 -5
-9 -40 -1 0 18 3 -30 80
28 14 3 -3 -38 -29 38 53
-1 -2 0 1 0 -2 -2 -1
0 -2 0 -1 -2 0 -1 0
-1 -2 -1 0 0 0 -1 -1
-2 1 -1 -1 -2 -1 0 -2
1 -1 0 -1 -1 -1 0 0
-1 -1 -3 -1 0 0 -1 -2
0 0 -1 0 -2 0 -3 -2
-1 -1 0 0 0 -2 -1 0
-2 -1 -1 -2 -1 -1 -1 -2
-1 0 -1 0 0 -1 0 0
0 -2 -2 -1 -1 -1 -1 1
0 -1 -2 -1 -1 -2 -1 -2
-1 0 0 -1 -1 -2 -1 0
-1 -1 1 -2 0 0 0 0
0 -1 0 0 -1 -4 0 -2
0 -1 0 1 3 4 -4 -1
1 -1 -1 0 -2 -2 0 -1
1 -2 -1 0 0 -2 -3 0
-4 0 -1 0 -1 -3 -1 -1
-2 -1 -2 -2 -3 -2 -1 0
-1 -1 0 -1 -1 1 -2 -1
-1 0 -1 -1 -1 -1 -1 -2
0 0 -1 -2 1 0 0 0
2 -1 -1 0 -3 -2 -2 0
-1 0 0 -2 1 -1 0 0
-2 -1 -1 -2 -1 0 0 -2
1 0 0 0 -1 -1 1 0
-1 -2 -1 -1 -2 -2 -2 0
-1 1 -2 -2 -2 -2 -1 -2
-1 -2 -1 0 -2 0 -1 2
-2 -1 -1 -1 -1 0 -1 -2
-1 -1 0 -1 0 -1 -1 -2
0 0 -1 -1 -2 -2 -1 0
-1 0 -1 -1 -2 -1 -1 0
0 0 -1 -2 -1 -1 -1 0
-1 1 -1 -3 -1 0 0 -3
-1 -1 -1 -1 -1 -2 -1 -1
-1 -2 -2 -2 0 -2 -1 -1
-1 -1 0 -1 -1 -4 0 -1
0 0 0 1 1 4 -5 0
-1 0 1 -1 -1 0 0 -1
0 -1 1 2 1 2 -1 0
-1 -2 -2 -1 -2 -3 0 -1
-1 0 -2 0 -2 -5 0 -2
-3 -2 -2 0 -2 -1 1 -1
-1 0 -1 -3 -1 1 -1 0
1 1 1 -1 -1 0 -2 0
-1 -1 -1 -1 -3 -3 0 -2
-1 -1 -2 0 -1 0 1 -1
0 -2 -1 -2 -1 -2 -1 -1
-1 -1 0 0 0 -1 -2 -1
-1 0 -1 0 3 7 -1 -1
1 0 0 0 -2 1 -1 1
0 0 -1 1 -2 -1 -1 -3
-2 -1 -1 -3 -2 1 0 -2
-3 -1 1 -2 1 -5 -3 -2
-1 0 1 1 3 9 -13 -2
-1 -2 -1 -2 -1 3 -2 -1
-2 0 -2 0 0 0 0 -1
-1 -1 -1 1 -1 -3 -4 -1
1 -1 0 -3 -1 -1 -1 1
-1 -2 -1 0 -1 -3 -2 -2
-2 -2 -1 -1 -2 2 2 -1
-2 0 0 -2 -3 -11 4 0
3 3 0 0 3 25 -9 1
1 1 -1 0 0 1 -2 -2
-2 -1 -1 -2 -2 -4 -1 -2
0 -3 1 -1 -2 -4 3 -1
-2 -4 -3 -2 -5 -22 6 -3
0 1 0 -1 0 -2 -1 0
0 0 0 0 -1 2 0 0
-2 1 -1 -1 -4 1 -2 -1
-3 -2 0 -1 -3 -7 1 -2
-2 -2 -1 -2 -3 1 1 0
-1 0 -3 0 -3 -6 -2 0
1 -1 -1 1 -2 0 -2 1
-2 -1 0 -2 -2 -5 4 -2
-2 -1 -1 -1 -2 -4 1 -1
0 -1 0 1 -1 0 -3 -2
-1 -1 -1 -2 -2 -2 -3 -2
-1 -1 -1 -2 0 7 1 -2
-1 0 -2 -1 -1 -2 1 -2
-1 -1 -1 -1 -1 -1 0 -1
0 0 -1 -2 -2 2 0 -2
-2 -2 -2 0 0 -4 -2 -1
-2 -2 0 0 0 -1 -2 -1
-2 1 0 0 0 0 -2 -1
-1 -4 -1 -1 -1 -3 2 -1
0 -2 0 0 -1 -3 -4 -1
1 1 -1 -2 -1 -2 -1 -2
0 0 0 1 -1 0 -2 -1
1 1 1 -2 0 1 0 -2
-1 1 -3 0 -3 -2 0 -2
0 -1 2 -1 0 1 -2 0
-2 -1 -1 -2 -1 -6 0 -4
-3 -1 -1 0 1 -1 -2 -3
-1 -1 0 -2 -1 -3 -1 -1
1 -1 0 1 0 2 -3 0
0 -2 0 -1 -1 0 -1 2
0 0 1 0 1 1 -2 -1
-3 -1 0 -2 -2 -1 5 0
-2 -1 -1 -1 -2 -2 2 0
1 -2 0 0 2 7 -4 -2
0 0 -2 0 -1 3 -2 0
-1 -1 -1 -1 0 -2 -1 -1
-1 -2 -1 0 -1 -2 -1 -1
-1 0 -1 -1 -1 -4 1 0
-2 -1 1 0 -2 -2 1 1
-1 0 1 -1 0 0 -1 1
0 0 -2 0 -2 -2 0 1
0 0 -1 -1 0 -2 0 -2
0 0 -2 0 -2 -2 -1 0
0 -2 -1 0 -1 -2 -2 0
-1 -3 0 0 -1 0 -1 -2
-1 -2 0 -1 1 -1 -1 0
-1 -1 -1 -1 -3 1 0 0
-2 -2 -1 0 0 -2 -1 -1
-1 -1 -2 -3 -3 -2 0 0
0 1 0 1 1 6 -1 -1
-1 -1 0 -1 -1 -1 -1 0
0 0 0 -2 0 -1 -1 -1
-1 -3 -1 -2 -2 0 4 -1
-1 -1 -2 0 -4 -4 0 0
-2 -2 -2 0 0 1 -3 0
1 -1 -2 1 -1 0 -1 1
-2 -1 -1 -1 1 -1 -2 -2
1 -1 -1 -1 -1 -1 -3 -1
0 0 -3 -1 -1 -2 1 -1
0 -1 -1 -3 -1 -2 1 -1
-3 2 0 0 0 0 -2 -1
-2 -1 -1 -1 -1 -2 0 -1
-2 0 -1 -2 0 0 -4 -3
-1 -1 -2 -1 -3 -7 1 -2
1 -1 0 0 -1 -2 -1 -2
-2 0 0 -1 -2 -1 -1 -2
-1 -1 0 -2 0 -2 2 2
0 1 0 -1 -1 0 -1 -1
-2 0 0 -1 0 -1 -1 1
-1 0 0 0 -1 -1 0 1
-2 -2 1 -2 -3 -1 -2 -1
0 -1 -1 0 1 1 -2 -1
0 2 -1 -2 -1 0 -2 -1
-1 -1 -2 0 0 0 -3 0
-1 0 -1 2 2 0 -1 -3
-2 -2 0 -1 2 0 -2 -1
-1 -1 0 0 1 6 -5 0
0 -1 -2 -1 -1 -2 -2 -1
1 -1 1 0 0 -2 -1 -1
-2 0 1 -1 0 1 0 -1
-2 0 -3 -2 -1 -4 0 -2
-1 0 -1 0 -2 -1 -1 -2
-1 0 -1 -1 -2 1 -1 -1
-1 -1 0 1 -2 0 -1 -1
0 0 -1 0 0 0 0 -2
0 -1 -1 0 1 -1 0 1
0 0 1 -1 -2 -3 0 -3
-2 -1 -2 0 -2 -1 -2 -2
-2 -1 0 -1 -1 -1 0 -1
1 -1 0 -2 -2 -2 0 -1
-1 -2 0 0 -1 -1 -2 1
-2 0 -2 -3 -1 -2 0 -2
-2 0 -1 -2 0 -1 -1 -1
-2 -2 0 -1 -1 0 0 0
-1 -1 0 -1 -1 0 -2 0
0 -1 -1 0 0 0 -1 -1
0 -2 -3 1 -1 -3 0 -1
0 -1 0 -1 -1 -1 -1 -1
-1 -1 0 -1 -2 -9 1 -1
0 -2 -1 -1 1 1 -2 -1
0 -2 0 -3 -2 0 -1 1
-3 -1 -2 0 -1 0 -1 -1
-1 -1 -2 0 -2 0 -1 -1
-1 -2 1 1 0 0 -1 0
-1 -1 0 0 0 -3 -1 -2
0 -2 -1 1 0 -1 -1 -1
0 1 -2 -1 0 0 -3 0
0 0 0 -2 -3 0 1 -1
0 -1 0 0 -2 -1 -1 -2
-1 -2 -1 -1 -1 1 0 0
-1 1 0 -1 1 1 -1 -1
-2 -2 0 0 -1 1 0 -2
0 0 0 -2 -1 -2 1 -2
-2 1 -1 1 0 -2 -3 -2
0 -1 -2 -1 1 0 1 0
-1 -1 -1 -2 -2 -3 -2 -1
-1 -1 1 1 1 6 -5 0
-1 -2 1 -4 -1 -1 0 -1
-2 0 -1 -1 -2 2 -1 -1
-1 -1 -1 -1 -2 -1 -1 -1
-1 0 -1 -1 -1 -2 -1 0
0 0 0 -3 -2 -2 -1 -2
0 -2 -1 -1 -1 0 -2 -2
0 -1 0 0 -1 -2 -2 -1
-3 -1 -1 -2 -2 -3 -1 -2
-1 1 1 -1 -1 -1 0 0
0 -1 -2 1 -1 -2 0 -1
1 1 0 0 1 1 -3 -1
1 -1 0 -1 -1 -1 -1 0
0 -1 -1 -1 0 0 0 -1
-1 -1 0 -1 0 -1 -2 -2
-2 -1 0 -1 -1 0 -1 0
-1 0 0 -1 -1 -2 0 -2
0 1 -1 1 -3 0 -1 -1
0 -3 0 0 -1 -1 0 -1
-1 -1 -1 0 -2 0 -1 -1
0 -1 -2 -1 1 2 0 0
-1 -2 -2 -1 -2 -1 -1 -1
0 0 -1 -2 0 -2 1 0
0 -1 -1 -1 1 0 -2 -1
-1 -1 -2 1 -2 -4 0 0
0 0 -2 0 -1 -1 -2 -1
0 -1 1 -2 -1 2 -1 0
-1 -2 -2 -2 -3 -3 0 -2
0 -1 0 0 -2 -2 0 -2
-2 0 -1 0 0 0 0 -2
-2 0 -1 0 -1 -2 0 0
0 1 -1 -1 0 -2 -1 0
0 -2 -1 -1 -1 -1 -1 0
-2 -1 0 -1 0 1 -1 0
0 -1 0 -1 0 -1 0 -2
-1 -2 -2 0 -1 0 1 -1
0 -2 0 0 -1 0 -1 -2
-1 -1 -1 -3 -3 -9 2 -1
0 -1 -1 -2 -1 0 -1 0
-1 0 -1 -2 -1 0 -1 -1
-1 0 -2 -1 -2 -1 0 1
-1 -1 -1 0 1 -1 0 0
-1 -1 0 0 -2 1 -1 -2
0 -1 -2 0 0 -1 0 -1
-1 -1 -1 -1 1 -2 -2 -1
1 -3 -2 -2 -2 0 -2 -2
-1 0 -2 -1 0 0 -1 -2
1 1 -1 -2 0 0 0 0
-1 0 0 -2 0 -1 -1 -2
0 -1 0 -1 0 0 -2 0
-1 -1 -2 -1 -2 -1 -2 0
-1 -2 -1 2 -2 0 -2 0
0 -1 -2 -1 -1 -1 0 -1
-1 -1 -1 -1 0 0 -1 -2
0 -2 -2 -2 -2 -2 0 -2
0 0 -1 0 -1 0 -1 1
-1 0 0 0 -1 -2 -2 -1
1 1 -2 2 1 7 -5 -1
-2 0 0 -1 -1 0 -1 -1
-2 -2 -1 -2 0 -2 -1 0
-1 -2 -3 -2 -1 -2 -2 -2
-2 -2 -1 -2 -2 -2 0 0
1 -1 -1 0 0 0 -1 -2
-1 -1 1 -1 -2 0 -2 0
-2 -2 -1 -1 -1 -1 0 1
-1 0 1 0 -1 -2 -1 -1
-1 -1 -3 -2 0 -1 -1 0
-2 -2 -2 -1 -1 -2 -1 0
-1 -1 -2 -3 0 0 0 -1
0 0 0 -1 0 -2 -2 -1
0 0 0 -1 -1 1 -3 -1
-1 0 -1 -2 -1 -1 1 -2
-1 -1 -1 1 -2 -1 0 -2
-1 0 -3 -1 0 -1 1 0
-1 -2 -2 0 0 -2 1 -1
-1 -1 0 -3 0 -1 1 -2
0 0 0 0 1 1 -2 0
0 -1 -1 0 -2 -3 0 0
-3 0 -1 0 0 -2 -1 -2
-1 -1 -1 0 0 4 -5 -2
0 -2 -1 -1 -2 0 -1 -1
-1 -2 -1 -3 -1 -3 -1 -1
-1 -1 -1 -3 -1 -2 0 0
1 0 -2 -2 1 -2 -1 -1
-1 -1 0 -1 -1 -3 -1 0
0 -1 -1 1 -1 1 -2 0
-3 -1 -1 -1 -1 1 0 -2
-1 -1 -1 -3 -2 -3 0 -3
-1 0 0 0 -1 -2 -2 -1
-1 -1 -2 -1 -1 -1 0 -3
0 -3 -2 0 -1 -1 0 1
-1 -1 0 0 -1 0 -1 1
0 0 0 -2 -1 -2 0 -3
0 0 1 -1 -1 -2 0 0
0 0 0 0 -1 0 -2 -1
0 0 -2 0 -1 -1 -1 -2
-2 0 -1 0 -1 0 0 0
1 0 0 1 2 8 -4 0
-1 -1 -1 1 1 0 0 0
0 -2 1 0 0 -2 -1 -2
-2 -2 -1 -1 -2 -1 -1 -1
-2 -1 -3 -1 -2 -4 2 -1
0 -1 -2 -2 -3 -3 -2 -2
-1 0 -2 0 -1 1 -1 0
-1 -1 -1 0 -2 -1 0 0
-1 -2 -1 0 0 -1 0 0
-1 -2 0 -1 0 0 -1 0
-1 -1 -1 -1 -1 -2 0 0
0 0 0 -2 -1 -2 -2 -2
-2 0 0 -3 0 -2 -1 -1
-1 -1 0 0 -1 0 -1 -1
1 -1 0 -1 -1 -2 1 -1
1 0 -2 -1 0 -1 -1 0
-1 -2 0 0 -2 -2 -1 -1
-2 -1 -1 -1 0 -2 0 0
-2 0 -1 0 -1 1 0 -1
-1 1 0 0 1 7 -3 -1
-2 -1 -1 -2 -1 -2 0 -2
-1 -1 -1 -1 -1 -1 -1 -2
-1 -2 -1 -1 -2 -1 1 0
-2 -2 -3 -1 -2 -3 0 -1
-1 2 0 0 -2 -2 0 -1
-1 -2 -1 -1 -1 1 -1 -1
-1 -1 -1 -1 -1 0 0 -1
-2 -3 -1 -1 -1 -2 -1 -1
-1 0 -1 -2 -1 0 -1 -2
0 1 -2 -1 -1 0 0 0
-1 -2 -2 -1 1 -1 0 -1
-1 -1 0 -1 -2 0 1 -1
-2 -2 -2 -2 -1 -2 -2 0
-1 1 -2 -2 0 -2 0 -1
-1 -2 -2 -2 -1 -2 -2 -2
0 -1 -1 -1 -3 0 1 -1
0 -1 -1 1 -1 -1 0 -1
-1 -1 -2 -2 -3 -1 -1 0
-1 -1 -1 -1 -2 0 0 -1
-1 -2 -1 -1 -2 -3 -1 0
-1 0 1 -2 -2 0 -2 -1
-1 -1 1 0 0 0 1 0
-1 0 0 0 -1 0 -2 1
-1 0 0 -2 -1 -2 -1 -2
0 -1 -2 -2 0 -1 0 1
0 0 0 0 -1 -1 0 -1
-1 -1 0 -1 -1 -6 -1 -1
-1 0 -1 0 0 0 -2 -2
0 -1 -2 -1 -2 -1 -1 2
-1 0 -2 -2 -1 -3 0 -1
-1 -2 -1 -1 0 -2 0 -3
-1 0 -3 0 -1 0 0 -1
1 0 -1 -1 -2 0 -1 -2
1 -1 -1 -2 0 -2 -2 1
0 0 -2 -1 -2 3 -1 0
0 0 1 -3 0 -2 -2 -2
-1 -1 -1 0 1 -1 0 0
0 -1 -1 -1 -2 0 -2 -1
0 -1 -1 -1 -3 -1 -2 0
-1 -2 -2 -2 0 -2 0 0
-2 -2 -1 1 -3 -2 -1 -1
-2 0 0 -2 -1 1 1 -2
0 0 -3 0 0 -1 -1 -1
0 -1 0 -1 -1 0 1 -2
-1 -2 -2 -1 -1 -1 -1 -1
-2 -1 0 0 -1 0 -1 0
-3 -2 0 -1 -1 -2 -1 0
-1 0 -2 -2 0 -1 0 -1
-2 -1 0 -2 -2 -7 0 -2
0 1 -2 -2 0 -1 -2 -1
-2 -2 -1 -2 0 -1 -1 0
1 -1 0 -1 -2 -3 -1 0
-2 -1 -1 -1 0 -1 -1 -2
0 -1 -1 1 0 -2 0 -1
-1 -2 -1 -1 -2 0 0 0
-1 -2 0 -1 -1 0 -2 -1
1 -1 -1 -2 -1 0 -3 -1
-2 -3 -1 0 -4 -1 -1 0
1 -1 -1 0 -2 -1 -1 -2
-1 -2 -1 0 -1 -1 0 1
-1 -2 -1 -2 -1 1 0 -1
-1 -2 -1 -2 0 -1 -1 0
-1 -1 -1 0 -2 -2 0 -2
0 0 -1 0 -1 -1 -1 0
-2 -1 -1 -1 1 -1 -1 0
-1 -1 -1 -1 -1 0 -1 0
0 -1 -1 -2 0 -1 -1 1
-2 -1 -1 -2 0 -2 0 -1
0 -1 0 1 1 -1 0 -2
0 -1 -1 -1 -1 -2 -1 0
-2 1 -2 -1 -1 1 0 -2
-1 -1 -1 0 0 -2 -1 -1
1 0 -2 0 1 0 0 0
-2 0 -1 0 -2 -2 -1 -2
2 0 -1 1 0 1 -2 -1
-1 -1 -1 -2 0 -2 0 -1
0 0 1 -1 -3 -1 0 0
0 -1 -1 -1 -1 -1 0 -2
-1 -2 -2 -1 1 1 -1 -2
-3 -1 -3 -2 -1 -7 -1 -2
0 0 -1 0 2 0 -3 -1
-2 2 0 -1 0 0 -1 -2
-1 -1 0 0 -2 -2 0 -1
-1 -1 0 -1 -1 0 0 0
-2 -1 0 -2 -1 -1 0 -1
0 -2 -1 -1 -2 -2 0 -1
-2 0 0 -1 0 -1 -1 0
1 -1 -1 0 -3 1 -1 0
0 -4 -1 -2 0 -2 -1 -1
0 -1 0 0 -2 1 -1 -1
0 0 -1 -1 -1 -2 1 -1
-3 2 -1 -1 1 0 -2 -2
0 -1 -1 0 -2 0 0 0
0 -3 -1 -1 -1 -1 0 -1
-1 -3 0 -2 0 0 1 -2
-1 0 -1 -1 -1 1 0 -1
-1 0 1 -1 -2 -1 -2 -1
0 0 -1 -1 0 -2 -1 -1
0 -1 -2 0 -1 2 -2 1
0 -3 -1 -1 0 -1 0 -2
-2 -3 -1 0 -1 -1 1 -1
0 -1 -2 -3 1 -1 -1 -1
-1 -1 -1 0 -2 -2 -3 0
0 -1 -3 1 0 -1 -3 -1
-1 -1 -1 0 -2 0 -1 -1
1 -1 -2 0 0 1 -1 -1
-2 0 0 -2 -1 -2 -1 -2
0 -1 -1 -1 -1 1 0 -1
1 0 -1 1 -1 0 0 -1
0 0 0 -1 0 1 0 0
-1 0 -1 -1 -3 0 0 -2
0 1 -2 -2 -2 1 -1 1
-1 -1 -2 -2 -1 -1 0 1
-3 -1 -1 1 -3 -2 -3 0
-1 0 -1 0 1 -1 0 1
-1 1 0 -2 -1 1 -1 -2
0 -1 0 0 -1 -1 0 -2
-1 -1 -1 -3 -2 -2 -1 0
-1 -3 -1 -1 0 0 -2 -1
-1 -1 0 -1 -1 -1 0 -2
-1 1 0 -1 -2 -2 -2 -1
-1 -1 1 -1 -1 0 0 -1
0 0 1 1 -2 -1 -1 0
-1 0 0 0 -2 0 0 -1
-2 -1 -2 -1 2 -1 0 -1
-1 -1 -1 0 -1 -1 -1 -1
0 -1 -2 0 1 0 0 -1
-1 -1 0 0 -3 -1 0 0
-2 0 -2 -3 -1 -2 -1 -1
-1 -1 -2 -1 0 0 1 0
-1 -3 0 -2 1 -1 -1 -2
1 -1 -1 0 -1 1 -1 -1
-1 -1 0 0 -1 1 -1 -2
-1 -1 -1 1 0 -3 -1 -1
-1 1 -1 -1 -1 -1 0 0
-2 -2 -1 0 0 -1 -1 1
-1 -2 0 -2 0 -1 -1 -1
-1 -2 0 -1 0 0 -1 0
-2 -2 0 1 -2 -1 0 -1
-2 -1 1 0 -2 -2 -3 0
0 -3 -2 -2 -1 1 0 0
0 1 -1 -1 -2 0 1 -2
0 0 -2 -2 0 -1 -1 -2
-1 0 0 -3 -1 -1 0 -1
-2 -1 0 -2 -1 0 -2 2
0 -2 -2 -1 -1 -2 -1 -1
-1 0 1 -2 -3 -1 0 0
-1 -2 0 0 0 -4 0 -1
0 -1 -2 1 0 1 0 0
-3 0 -2 -1 -1 0 1 -1
1 1 -2 0 -1 0 -1 0
1 -1 -3 -2 -2 -1 -2 -2
-1 -1 -1 -1 -1 -2 -1 -1
-1 -1 -1 -1 -1 -1 0 -3
-1 -4 -2 -1 1 0 0 0
-3 -1 -1 -1 -1 0 -1 -1
-1 -1 -1 0 1 -2 0 -4
-1 0 -2 0 0 1 0 -1
-1 1 -1 -1 0 -2 -2 0
0 0 0 -1 0 -1 1 0
0 -1 -1 0 -2 -1 0 1
0 -2 0 -1 -1 -1 -2 -1
-2 -2 0 0 -1 -1 -1 -2
-1 -1 -2 1 1 0 0 1
0 1 0 -1 1 -1 0 -2
-1 -1 0 0 0 -1 -1 0
0 -1 -2 -1 -2 -1 -1 0
-1 1 0 -2 0 -1 0 0
-2 0 -2 -1 -2 -1 -2 -1
-1 0 0 -1 -1 -1 -1 0
0 0 -1 1 -1 -1 -1 -1
-1 0 0 -1 0 -2 0 0
0 -1 -1 -2 -1 -2 -1 1
-2 -1 0 -2 -2 0 -1 -1
0 0 0 0 1 0 0 -1
-1 -2 0 -1 -1 0 0 1
0 -1 0 1 -3 -2 -1 -1
0 -2 0 0 0 -1 -2 1
-2 -1 -1 -1 0 -2 -1 -2
-1 2 -1 -1 0 0 -1 -2
-1 -2 -1 0 0 -1 -2 -2
0 1 -1 -1 -1 1 1 -1
0 -3 -1 -1 -3 0 0 -1
-1 -1 -1 0 -2 1 -1 -2
-1 -2 1 -1 0 -1 -1 -2
-1 -1 0 -1 1 -4 -1 -2
-1 0 0 -2 0 -1 -1 -2
0 -1 0 -3 -2 -1 -2 -1
-2 -1 0 -1 -2 1 0 0
-2 -2 -2 0 -1 0 0 1
-1 -1 -1 1 -2 -1 -2 -1
-2 -2 -3 0 -1 -1 -1 -1
1 -1 -1 0 -3 0 1 0
-1 -1 -2 0 -1 1 -1 0
0 1 0 0 -2 -1 0 0
-1 -2 0 0 -1 -1 -2 0
-2 1 -1 0 0 1 -1 -1
-2 0 -2 -3 0 -2 -1 -3
4 -4 -6 -15 5 -9 9 37
-8 -1 0 5 26 17 -2 -57
5 -1 1 12 45 3 -7 -7
5 4 8 49 105 46 9 -4
-1 -5 -10 -63 -97 -73 -29 -11
5 2 -1 -7 92 -19 3 17
2 4 -1 -15 31 -42 -7 -1
-1 -2 2 16 67 24 7 5
6 -1 -1 3 -2 7 0 9
9 0 6 26 8 8 31 65
-13 -5 -9 -7 -77 12 -28 -25
-10 -5 -10 -37 13 -28 3 -19
-6 1 2 13 -39 11 -7 -10
5 0 1 16 -44 -14 1 1
-6 -8 -8 -14 50 13 12 10
2 4 35 71 -48 -4 -1 5
-11 -7 -16 -30 -27 -12 -10 -27
13 8 11 43 113 63 13 -1
-6 -5 -10 -70 -128 -37 -3 -1
11 8 2 -7 78 -14 -3 11
-3 -3 2 60 127 47 8 -20
-1 4 7 -8 -116 49 11 7
2 -2 -12 -36 -3 -16 18 15
-3 -3 8 40 -102 -55 -33 -7
-6 -5 -14 31 110 21 -3 -4
11 3 -11 -15 46 -39 32 15
-1 -4 -6 27 124 110 35 11
-1 -1 -10 -47 -75 -28 -38 -9
7 2 28 91 -56 37 13 6
3 6 32 33 -3 -44 -13 -1
-4 -8 -39 -76 -33 59 25 4
6 6 -21 -25 127 3 29 17
-1 2 2 -4 -128 -60 -4 -22
-19 -18 24 68 127 92 -53 -31
6 10 37 37 -128 -55 4 -1
-21 -8 16 -7 27 17 -35 -26
2 -2 -43 -33 72 31 37 20
30 16 -2 -23 -50 106 58 43
-4 -5 -16 -66 -92 17 0 1
9 7 5 66 118 101 35 7
-17 -11 6 13 -10 -66 -88 -23
-1 0 4 43 -3 54 14 -25
4 -5 -10 -35 35 -51 -19 57
6 -4 -2 14 -55 28 28 6
-20 11 -22 -115 -18 -83 -44 -21
23 8 -59 -39 64 57 75 25
28 33 97 101 -18 -128 -74 9
-22 -21 33 58 89 58 -33 -52
-25 -28 -39 -60 -45 -69 19 -4
-14 -5 -31 -24 -18 9 -46 -12
-3 2 -72 -78 -24 -3 101 23
41 17 11 45 -51 16 33 26
-5 -25 22 65 118 -21 -69 -41
-16 3 15 -28 -25 56 72 18
24 -6 -4 -21 53 22 64 22
-5 9 1 40 24 -4 18 23
-3 16 -15 -94 -56 16 76 -42
19 1 6 -13 -105 -128 47 22
-12 -17 0 72 113 31 -107 -6
-32 -28 -27 -82 51 -128 -8 -73
15 12 14 -6 -46 66 -55 39
-14 -11 -28 -16 -24 -36 6 -5
5 6 -9 -100 -76 86 44 -6
30 12 24 74 76 62 -55 71
-36 -39 -72 -34 -117 -21 -10 -59
-17 20 83 76 104 -105 -119 -67
-23 -24 -73 -72 -12 30 52 -17
-9 5 -49 -69 -114 -74 64 -21
52 38 19 -3 44 127 119 98
-16 -25 -36 -36 -14 -20 -37 -4
-10 -4 24 99 117 -19 -45 -53
-7 -5 1 -46 -41 52 -21 7
14 -10 13 7 115 -43 -45 1
14 21 -10 -9 59 -3 1 62
-25 0 30 22 28 5 -7 -86
0 4 -14 9 57 60 49 51
12 4 28 24 -16 58 70 40
-20 -25 -8 30 65 -95 -38 -57
-15 -16 6 2 -84 72 2 -16
-7 -30 -24 -46 -96 -49 -32 -15
40 82 5 -23 -13 -58 5 16
18 13 -2 -29 33 9 28 29
4 -8 5 37 53 -46 -16 7
-22 -26 -1 -57 -114 -43 10 -34
-21 -27 15 -20 10 71 -29 -8
-5 -8 -19 53 59 92 26 -14
2 14 -9 -4 -48 -25 25 9
13 17 25 -16 61 21 11 27
-1 -12 -4 38 71 -97 -22 -6
3 3 15 -29 45 107 -8 -8
-9 -22 -18 0 113 -46 61 1
10 -10 11 53 120 -26 -19 14
-37 -53 19 30 -35 97 48 28
78 88 -32 -38 60 -72 -93 -29
10 -1 -8 -42 -65 -39 48 85
8 -1 -9 -41 39 -24 3 -52
-9 -16 14 33 84 21 12 9
-17 -54 24 31 -96 104 8 32
2 25 -25 -74 -109 -67 -47 -68
-5 19 6 38 89 -75 -30 13
-14 -9 -1 18 108 -11 3 -36
-17 -14 -9 -26 -88 0 49 23
4 6 1 26 50 8 -50 -6
-5 -5 -33 -58 -74 54 29 10
11 15 68 93 12 8 37 1
-14 -10 -7 -16 -97 -56 -44 -15
11 -1 24 29 -46 6 -74 3
-6 -9 -37 -23 33 19 18 -11
-7 1 -20 40 -45 -35 -9 -4
19 21 29 -9 -44 92 98 36
-35 -47 -50 -30 67 -7 -66 -41
11 38 21 10 -16 52 20 20
-12 -38 -61 -123 -52 -77 -51 -24
-15 10 31 111 102 37 25 -5
-52 -27 15 9 -58 55 -5 9
42 9 -4 -59 -112 -66 -5 11
17 54 25 30 94 58 3 -30
-26 -55 -32 -82 -82 -96 -14 2
-11 -7 5 29 127 -2 -8 7
35 51 27 38 16 63 38 40
7 7 5 -15 -45 -72 -7 -6
-4 -13 -19 -20 -15 -9 -14 7
6 1 18 40 -18 42 12 -12
-20 -27 -8 -36 -33 7 -2 -9
8 6 -23 -28 -72 37 -13 12
-5 8 5 49 127 32 -17 -36
22 16 5 -35 -76 -31 62 27
-19 -9 -7 2 -11 -49 -51 -23
10 -5 -35 0 116 57 20 23
-11 -21 34 39 17 -19 28 3
9 22 30 4 -76 -20 -16 -9
-15 0 -18 85 126 -33 -24 -11
4 7 -13 -30 12 35 15 8
0 -8 -31 -54 -3 8 12 3
9 2 -12 13 61 -47 -23 -1
-42 -35 14 -2 -46 12 -2 0
-9 -3 11 12 5 13 6 1
-7 24 14 -15 48 -5 -10 -7
30 6 10 -14 15 46 31 -20
7 11 -12 31 43 25 -22 17
-28 -30 -1 -13 -82 -100 -11 -37
6 -1 9 19 85 27 40 1
-16 -8 -22 -98 -90 -72 -40 22
-7 -1 25 72 102 85 -1 -30
19 15 -9 -75 -51 -51 18 48
-7 -2 -13 11 56 -17 -36 -26
1 -1 -40 6 97 5 -3 1
12 4 90 83 42 52 60 -7
12 17 6 24 17 39 16 12
1 -8 -1 15 4 -5 -17 6
-12 -7 -15 -22 -41 -21 -57 -24
19 1 -28 -31 71 6 -20 51
7 1 27 32 56 84 95 61
5 -23 -9 -12 -71 -19 -44 -7
18 21 3 -9 30 -33 115 44
-5 20 -8 -36 -3 -29 -128 -20
-18 -31 -14 -9 72 2 22 -68
-5 -4 4 32 45 72 58 24
34 25 41 71 102 98 24 62
-30 -36 -41 -100 -16 -24 107 -41
-9 -1 10 102 121 37 -87 -25
-26 0 -15 -33 10 -25 -54 -23
11 8 17 42 -12 -4 -50 -32
9 -2 13 3 8 76 47 15
-22 -22 -25 -35 -5 -58 -13 -68
20 0 4 -26 21 -19 5 92
10 36 -7 37 106 17 -30 41
5 1 -7 -16 -63 -28 73 38
-15 -16 -5 -16 -87 -41 -84 -66
-45 -8 11 25 45 20 7 11
37 6 -24 -93 -78 -64 4 -34
10 0 2 33 89 -39 -63 29
2 3 2 26 29 -43 -15 11
6 -3 7 8 59 48 69 -4
-25 -25 -15 -32 23 16 -77 -19
-19 -1 -10 89 103 38 70 -19
1 13 8 -76 -128 -104 -80 14
3 2 -12 -19 62 78 -38 -33
-5 -2 15 30 2 -28 48 -11
10 -13 -1 -39 5 -46 -16 29
-11 4 -3 39 109 122 112 -2
-52 -48 -4 -60 -128 -83 -21 -69
21 40 -2 21 127 -12 31 36
4 -7 4 -1 51 11 -68 -58
11 -12 5 11 -20 3 67 94
13 15 -3 -15 29 14 -3 -90
-22 -34 9 -2 -63 -18 -20 20
-6 -3 6 38 -18 -11 49 29
25 33 -6 -19 -29 9 -33 -25
-3 -5 -4 9 40 -55 -12 6
-15 -3 6 36 85 31 38 -67
6 1 -5 -18 -32 -11 -44 22
5 1 12 57 127 55 8 6
5 7 -12 -32 -25 -39 11 27
-2 2 16 60 41 69 -16 -35
-17 -12 -7 -42 40 -25 -25 -43
-7 -27 -15 -50 -92 -10 -19 -10
27 36 -4 33 13 -23 8 -20
-31 -15 7 15 98 64 16 98
12 -6 -14 -38 -80 -37 -12 24
54 45 10 23 72 16 40 22
1 -2 -9 -23 20 -1 -54 -5
-16 -33 -3 -8 -97 -48 -14 -17
-5 10 10 45 77 22 5 -17
-19 5 10 -24 97 57 11 15
26 0 -16 11 -41 -64 -16 9
-10 0 -5 -20 98 67 43 20
-15 -2 -1 -1 -22 -88 -46 -73
6 -2 14 -13 -40 -27 14 19
-11 -1 -16 19 94 73 8 -4
-8 -3 15 -1 -111 -104 -11 -14
-4 9 -14 -38 16 39 16 5
3 -13 1 21 36 35 -17 4
-25 -25 -27 -36 -22 -87 -48 -12
-6 3 -6 5 9 1 26 -13
14 27 16 2 -63 -9 -17 -16
-46 -15 -10 -13 -47 -20 13 -60
27 6 7 -3 -13 29 13 45
7 -3 -2 27 57 54 13 -7
6 -13 -2 -14 -44 -51 8 19
-18 -18 3 17 26 13 34 31
-3 24 11 12 90 -19 -65 -42
26 -2 1 23 103 44 33 37
-6 -9 4 -23 -63 -21 22 16
4 6 -8 17 127 -48 -20 2
5 -10 -8 -66 -113 1 9 15
7 6 22 31 49 50 34 12
-18 -16 -8 -11 -69 -57 -30 -21
-5 8 -7 2 56 -35 -45 -9
4 -2 14 18 3 55 104 26
-6 0 -20 -53 -30 7 -34 -31
-1 -4 3 17 47 40 -14 2
2 -6 1 10 -20 -2 5 -6
1 0 4 -3 -75 -20 -17 -20
-3 -5 -2 9 -31 -5 29 22
-11 -17 -18 -56 -14 36 -27 -7
9 10 0 25 30 81 -34 -5
13 4 16 12 0 -37 23 33
-10 -1 -16 -11 47 1 -32 -28
5 12 8 22 81 6 51 2
6 -4 -1 31 90 79 22 26
5 1 10 -8 -62 113 9 9
0 3 2 -27 4 63 18 -17
5 7 -21 -96 -73 -49 -8 6
2 -5 -2 69 90 -24 10 8
-7 0 16 35 10 -57 -3 -21
-1 2 -4 2 -78 -64 -57 6
-3 -7 -11 -31 -58 37 -18 0
2 4 2 -20 -5 -90 -2 -56
-15 -3 -17 -39 -75 -51 -22 70
-2 1 6 11 44 2 -11 -14
1 -6 1 51 39 47 35 -2
-5 3 6 -27 -54 12 18 -1
0 -3 12 55 127 26 17 -24
-2 3 -11 -72 -103 -58 -14 11
-17 -3 2 42 106 55 -4 -45
2 -2 -5 -23 -13 13 -14 8
9 2 13 28 84 58 64 18
-16 -7 -32 -66 -30 -17 -36 -51
12 2 20 53 92 72 17 62
3 -3 -10 -38 -86 -29 -28 3
-11 -5 -12 1 115 -24 0 -29
-9 -8 20 48 17 -20 0 -13
26 24 -2 4 21 -36 -7 -28
-4 -14 -13 -43 7 22 42 40
13 3 -2 -17 -60 -51 -43 3
-9 -16 -3 5 7 -7 10 -21
0 7 0 25 58 -16 -9 49
19 16 16 42 81 102 26 42
-28 -11 -31 -99 -120 -60 -34 -94
-7 0 6 38 127 26 14 33
-5 -9 10 43 38 -36 -35 -21
-4 0 -15 -73 -97 -85 -19 -26
1 8 -1 2 -51 -12 -7 33
8 -2 10 10 61 17 -2 -16
3 -4 -9 -8 -40 -6 12 28
-13 0 10 27 82 29 -12 -22
0 -3 2 15 -89 -28 35 -19
-9 -7 -18 -44 -49 -30 1 10
3 -1 0 -1 52 4 -19 -1
-4 -9 10 30 50 -14 12 6
8 8 1 -19 -23 -11 35 6
-5 -8 -7 -15 -60 -62 -47 -20
-6 2 -2 25 52 19 15 -13
-2 -5 0 -7 -38 -3 1 1
5 -1 7 38 96 55 -5 2
11 10 6 -29 -113 19 34 20
-21 -15 -13 -14 -98 -56 -28 -15
-23 3 -9 -41 -93 -27 -56 -55
21 13 11 -2 6 25 16 37
-4 -11 0 74 127 66 16 -12
15 0 -4 -59 -109 -35 11 30
-15 -15 -15 18 68 -6 0 -1
-5 6 5 -4 50 45 -12 4
13 14 1 -15 -25 -20 -6 -1
-13 -9 11 35 12 62 29 -22
15 2 5 -33 -108 -4 -8 12
-13 -10 -28 -1 39 -40 -20 10
2 8 3 18 19 31 12 -6
6 2 13 7 37 -29 -17 -4
-3 -9 -17 -4 50 43 0 1
-5 3 -5 -50 -80 -24 -5 -17
2 1 4 11 24 15 21 8
-9 -8 4 -6 10 10 11 1
22 15 -2 0 19 -6 16 -7
-10 -5 6 79 116 -1 -17 5
9 -4 -4 -21 -29 -17 6 26
-3 15 -9 -95 -114 -14 -12 -6
-20 -8 1 58 94 3 -10 2
17 -5 3 5 9 20 30 -26
3 -7 4 -6 11 -38 15 51
-2 -9 -1 42 73 37 -35 -26
1 2 5 12 1 16 18 9
-4 15 -11 -51 8 -80 -57 -7
-6 -7 2 0 13 48 2 -22
-2 -5 -4 12 58 3 31 -8
2 -6 3 19 106 16 -39 3
-1 -10 3 -18 -71 -8 29 25
1 13 -2 -4 -20 -15 -36 -38
9 -1 -7 -7 20 -9 30 41
1 2 8 10 19 -26 5 -2
0 -5 0 -16 -32 -14 11 10
-5 -1 -5 5 -18 14 -11 -44
5 -3 -11 -24 5 -22 -15 81
-15 2 14 26 6 11 7 -87
-18 -18 -17 -60 -75 -2 4 11
16 35 2 8 38 17 -12 18
-8 -10 2 9 31 -10 19 -28
3 -10 9 15 5 9 3 45
-2 1 -6 9 1 -15 -53 -22
-12 -17 -4 1 4 19 -1 -47
17 21 -3 -19 -15 31 4 26
5 2 -3 -32 -87 -109 -15 23
-5 -5 5 29 127 99 16 -11
2 -7 -6 -13 -87 -61 17 18
-17 2 -2 3 -8 -1 -41 -33
1 0 -8 -18 -31 2 7 -9
14 6 5 6 -15 8 -2 22
-10 -11 -1 28 70 -13 -3 -14
-7 -12 -1 0 -1 60 38 49
-4 1 -8 -28 -98 -47 -46 -46
-17 22 0 -3 38 16 21 -38
28 2 3 -32 -67 10 19 35
-11 -16 -6 59 113 -14 -10 -25
-1 0 -3 -17 -112 -29 -12 32
6 -6 9 30 -38 21 28 1
-14 -4 -5 -30 -2 -15 -19 -32
8 5 13 21 66 34 11 1
-5 -9 -24 -49 -66 -4 -25 38
-22 2 6 35 57 6 -21 -84
5 0 -4 -6 62 10 17 44
1 2 17 2 -22 -7 5 3
0 2 -8 -6 20 31 32 68
11 -1 9 41 54 -68 0 49
-11 -2 -3 -6 -31 6 -33 -30
11 -3 -5 -14 9 20 -4 -49
-3 5 4 3 56 -15 50 -12
21 -4 -2 5 71 10 0 54
0 -1 -1 -25 -57 -43 -29 -47
-11 3 -13 7 35 13 -5 18
7 11 9 8 -56 30 29 2
7 -11 -7 -12 3 22 -19 -9
9 8 14 37 127 45 11 50
-18 -10 -19 -62 -101 -27 -38 -43
2 5 2 25 96 54 27 -2
-9 -5 -2 -16 -25 4 17 -13
3 2 12 24 41 21 8 23
-1 -1 -6 -33 -113 8 -13 -5
-10 -11 4 18 13 -51 -34 -17
15 8 3 12 33 50 15 17
-19 -12 -32 -68 -101 -108 -46 2
-4 12 15 37 58 34 29 -29
12 1 4 -21 -38 10 31 4
-7 -10 -7 7 75 -2 -76 -18
-1 6 10 25 90 41 7 25
-15 -7 -14 -44 -97 -59 9 -26
7 7 1 28 82 -14 -20 -30
-2 -3 -5 -14 -51 -8 16 67
-5 -4 9 35 84 12 21 -11
4 1 -6 -21 -90 -42 -40 -3
1 -5 -5 -4 59 12 -14 -6
-4 6 12 28 66 39 19 -27
-10 -7 -15 -36 -97 -73 -38 -30
6 -1 6 19 91 23 36 1
18 25 6 16 61 25 1 40
-5 -12 -20 -59 -120 -104 1 -19
-10 -11 -1 45 101 48 -1 7
10 17 10 5 -13 -29 -3 -1
-6 -3 -3 -16 -21 44 13 -10
-4 -1 4 8 -38 -3 -35 -1
11 3 0 -16 -33 2 -8 -35
0 -12 -3 40 120 27 13 61
-24 -7 -16 -50 -65 -54 -32 -32
1 14 13 28 101 40 27 2
-2 -5 -8 -11 -36 26 27 19
-1 1 5 5 1 14 -3 -17
13 -9 2 -3 -6 33 7 5
-5 -2 3 -2 -98 16 2 1
-11 5 -6 31 59 21 -3 -7
8 4 2 -19 -7 14 12 20
-13 -8 -8 -26 -93 -39 -24 -37
-2 -8 6 16 48 41 16 -10
29 13 1 -7 4 -34 14 68
-28 -6 -6 17 -16 -22 -12 -28
3 -9 6 0 -82 -13 -2 7
3 10 -14 -39 -28 -21 -18 -7
-1 -1 2 16 24 -1 16 4
-16 -8 9 15 45 -2 5 -6
18 5 0 2 2 -2 -3 12
-14 -8 -7 11 40 -52 -32 -17
-4 -1 -2 -17 -66 -18 8 -24
-3 -1 -3 -9 17 -2 -21 -12
-1 5 6 28 65 66 13 -40
10 -1 -7 -21 -36 -43 17 80
-3 -5 7 9 28 67 9 1
4 1 -7 -16 -66 -52 -30 -22
-4 1 4 20 118 40 -4 8
-9 5 -5 -17 -42 -8 9 -41
5 1 13 0 48 59 16 3
7 -7 -3 32 0 1 22 46
-14 -3 -2 -15 -61 -10 -27 -75
6 11 5 15 30 -7 6 48
8 2 9 6 38 59 22 17
-5 0 -3 -34 -104 -59 -19 -34
0 -10 -9 2 98 28 5 28
-1 0 7 37 87 54 26 -8
-2 6 -6 -18 -81 -37 3 -15
11 -2 12 28 127 32 7 20
-12 -6 -17 -59 -128 -102 -12 5
-11 -12 -6 -7 96 26 -10 -24
7 4 -5 13 92 -42 -6 1
0 0 -2 -11 21 59 31 1
0 -17 8 21 9 -34 -11 0
21 22 -4 2 28 4 9 16
-33 -12 -11 -30 -121 -35 13 -42
12 2 1 0 -8 -1 -5 13
-7 -5 2 24 101 27 18 12
-5 -4 -5 -15 -66 -5 -6 -15
7 6 4 2 15 1 -13 -2
1 3 4 12 42 2 8 11
-3 -3 -6 -2 -40 -19 3 -2
-2 0 -1 -8 37 -4 -9 -14
1 -5 -2 7 95 19 10 9
-6 -4 -6 -24 -106 -4 -12 -11
8 9 5 18 -8 -16 -19 14
-7 -6 0 -12 13 -47 -9 -7
-4 4 -6 9 47 9 -13 -6
7 2 6 26 117 -14 3 5
3 1 -5 -38 -50 -2 26 1
1 -10 -1 -15 -85 9 -2 14
-10 -12 -2 4 -4 -18 -5 5
30 18 -2 4 -28 3 -8 -7
4 2 1 -4 -16 0 -13 12
-18 -15 -3 -16 -47 4 16 -36
-16 -11 0 16 18 6 12 -24
-5 9 -5 -17 -25 -11 -11 -17
-3 -3 -4 1 34 10 2 -23
8 2 4 10 40 10 -9 16
2 -6 0 19 80 90 21 8
-17 -6 -6 -37 -55 -14 -1 -16
8 7 3 28 77 22 -13 17
-11 -1 2 -14 -100 -22 -19 -17
5 4 -2 1 40 6 -6 -5
-1 -2 1 9 7 12 24 12
-6 -4 -5 -19 -26 -26 -64 9
5 3 3 5 8 36 20 7
-3 -1 -2 -8 -58 -48 -13 1
-5 -8 2 -6 -7 70 -10 5
-1 2 0 -5 85 -27 41 -9
-5 2 -11 2 24 -22 -29 -42
4 3 -4 -22 2 -20 -13 24
-3 2 7 30 111 -8 15 -10
-9 -1 -2 -9 -14 34 -6 1
8 -5 2 7 14 -13 21 18
7 4 -4 -16 -51 -11 -18 -1
-8 -17 -13 -17 -13 -75 -50 -6
3 -2 6 9 38 39 31 10
2 6 7 42 98 17 -12 10
-2 -3 -6 -13 -59 -12 -7 -9
2 -2 -4 -14 -22 -5 32 12
1 3 -4 -13 -124 -17 -5 6
-11 -5 -4 7 7 -20 10 -23
5 -6 1 -5 -14 -17 -35 34
-9 3 2 16 56 39 10 -50
1 0 -8 -11 5 -29 -12 10
5 -1 6 -10 10 40 16 16
-3 -1 -7 19 64 -8 4 2
-4 5 -1 -11 26 21 -4 2
6 -4 -3 11 22 19 5 9
4 -2 12 23 110 38 28 6
4 6 -1 -39 -94 -40 -23 14
-10 -2 -6 -20 -51 -33 15 -34
-8 -3 -6 2 48 -29 -18 -12
5 1 3 -1 4 40 -19 11
2 1 5 7 37 -17 -15 -9
-9 -7 -17 -2 8 -28 13 11
2 5 9 0 -55 34 12 9
5 1 -2 -21 -75 -5 13 3
-8 -10 -4 5 30 -16 1 -12
0 -4 -2 3 -50 17 -18 2
0 -1 0 0 -1 -1 -1 -2
-1 -2 -2 -2 0 0 0 -2
0 -1 -2 -1 -2 0 0 -2
-2 -1 1 0 -1 -2 -1 -1
-3 -1 -2 -1 1 -2 -1 -2
0 -2 0 0 -1 0 0 1
0 -2 -2 -1 -1 0 0 -1
-2 0 0 -1 -1 -1 0 -1
-1 -1 -2 -1 -1 -3 0 0
-2 -2 1 0 -1 1 -1 -1
0 -2 0 0 -1 -1 1 2
0 -3 -1 -1 -2 -3 -11 -5
1 -1 -1 -2 -1 -1 -1 -1
-1 1 -3 -3 0 0 1 0
-2 0 0 0 -1 0 -1 -1
0 -2 -1 -1 0 -2 3 1
-1 0 0 -1 0 -1 -2 -2
-1 0 0 -2 -1 -1 -2 1
-1 0 -1 -1 0 -1 0 -1
-1 1 -2 -1 -1 -2 0 -2
-2 -2 -1 -1 -2 1 3 0
-1 -1 1 -1 -1 -3 -1 -2
-1 0 -2 -1 0 -1 -1 -1
1 0 0 0 0 0 0 -2
-1 -2 -1 -2 0 -1 0 -1
1 -1 -1 0 -2 0 0 1
0 -2 0 -2 -1 -1 0 -2
0 0 1 -3 -2 -1 -1 0
-3 0 -1 -2 0 0 -1 0
-1 -1 0 -1 -1 -1 0 -1
-1 -2 -1 0 -2 -1 -1 -1
-2 -1 0 1 -1 -1 -1 -1
1 -2 0 0 1 0 0 0
-2 -1 -1 -1 0 0 -1 -2
0 -1 -1 1 -1 1 -3 -1
-3 -1 -2 0 0 -2 -1 -1
0 -1 -1 0 -2 -1 -3 0
-1 1 0 -2 0 0 -2 0
-2 -1 0 -1 0 0 1 -1
-1 -1 -1 0 -1 -2 0 -1
0 -1 1 1 -1 0 0 -2
-1 -2 -1 -1 0 -1 -1 0
0 -1 1 -2 -3 -1 0 -1
-1 -2 -1 -1 0 -2 0 0
-1 -1 1 -2 -1 0 -1 0
-1 -2 -2 -1 0 -1 0 -1
-2 1 0 -2 -1 -2 -1 -1
-3 1 -1 -1 0 0 -2 -3
0 -1 -4 0 -4 -1 0 0
1 -1 -1 -2 -2 -1 1 0
0 0 -3 -1 1 0 1 -1
0 -2 1 -2 -1 -1 4 0
-3 0 -2 0 1 -1 -13 -5
-2 -1 0 -1 0 0 0 -1
-2 1 0 0 -1 -3 0 -1
-1 -1 -1 0 -1 -1 0 1
1 -1 -1 -1 -1 0 2 1
-1 -1 -2 0 -1 -1 -2 -1
0 -1 -1 0 0 0 -2 1
-1 0 1 -1 -1 1 -3 -1
1 0 0 -1 -2 -1 2 0
0 -1 0 -2 0 0 -2 0
-1 -1 -1 -2 -1 -1 1 0
0 0 -2 -1 -2 -2 -2 -1
-2 -1 0 -1 -2 -1 1 -1
-1 -1 -1 -1 -2 0 1 -1
0 -2 0 -2 -1 0 -2 -1
-1 -1 -2 0 -2 0 -3 -1
-1 -1 -2 -1 -2 -3 -2 1
-2 1 -1 0 -1 -2 -1 -1
0 -1 -1 -1 -1 -1 -2 -1
0 -1 -2 -1 -1 -2 -1 -2
-1 -1 -1 -1 -1 0 1 -1
-2 0 0 -1 -1 0 -1 0
0 -2 -2 -1 -2 -1 -1 0
-2 0 -1 -1 -2 0 0 -2
-1 -1 0 -1 0 -1 1 0
1 0 0 -1 -2 -1 -1 -2
-2 -2 -1 0 1 -2 -2 0
0 1 0 -1 -2 0 -1 -2
-2 -1 -1 -1 1 -1 -1 -1
-1 -3 -2 1 -1 0 -2 -2
-2 -1 0 0 0 -1 -1 0
-1 -2 0 -1 -1 -1 0 0
-1 0 0 0 -1 -1 1 0
1 0 0 0 0 -2 0 0
-1 0 -1 -1 -1 -1 -2 -3
0 -2 0 -1 -1 -2 0 0
-1 -1 0 0 -2 0 0 -1
-1 -2 -2 -3 0 0 -1 1
-1 -1 0 0 -2 1 -2 -1
-2 0 -1 -1 -1 -2 -1 0
-2 -2 -2 2 -1 -2 1 0
-1 -1 -3 0 -3 0 0 -1
-2 -1 1 -2 -1 -1 -1 0
0 -2 -1 -1 0 0 -3 -3
1 0 -2 -1 -1 -1 -2 -1
-1 -2 0 0 -1 -1 -2 0
-1 0 0 -2 -2 0 2 -1
-1 0 -3 0 -1 -1 -1 -1
-1 -2 -2 0 -1 -1 -1 -2
2 -2 -1 -1 -1 -2 -2 0
0 -1 -1 0 -1 -1 -1 0
-1 -2 -1 -2 0 -2 0 -1
-1 0 0 -3 -2 -1 -1 -1
-2 0 0 -1 0 1 0 0
0 0 -1 -2 1 0 1 -1
-2 -1 -1 -1 0 0 -2 -1
0 -2 0 0 -1 -1 -1 -1
-1 -1 0 -1 0 -2 -1 -1
0 -1 -1 -1 -2 -1 0 -2
-1 -2 0 -2 -1 -1 -1 0
-2 0 0 -2 -1 0 0 -1
-1 -1 -2 -1 -2 -2 0 -2
0 -2 -2 -1 -1 -3 -1 0
0 -1 -1 1 -2 -1 0 -1
-2 -1 1 -1 0 0 -1 -3
-1 -1 -2 -1 0 -1 1 -3
-1 -1 0 -1 0 -1 -1 -2
0 0 0 -1 -2 0 0 -1
-1 -1 -1 -1 -2 -3 -2 0
-3 -1 0 -1 -3 -1 -2 0
0 -1 0 -2 0 -1 -2 -1
-1 0 -2 -1 0 0 -1 0
-1 -2 -1 1 0 -1 -2 -1
0 -1 -2 0 -1 -1 0 -1
-2 -2 -1 -4 -7 -3 0 1
-1 -1 1 1 3 -1 1 0
-1 0 -2 -1 2 -3 -1 -1
0 -1 -2 0 1 -1 -1 -1
-1 -2 -3 0 0 0 0 0
-1 -1 -2 -1 -4 0 -1 -1
-2 -2 -1 -1 -1 0 1 0
-2 -1 0 0 0 0 -2 -1
0 0 0 1 -3 -1 -2 -2
-1 -1 -1 -1 0 -1 -2 -1
-3 0 0 -1 0 0 1 0
0 -2 -1 -1 -2 0 -1 0
-2 0 -1 0 1 1 -1 -3
-1 1 -1 -2 -3 -2 -2 -1
-1 -2 -1 -1 -2 -2 0 -3
0 0 -1 0 -2 -1 0 0
-1 0 -1 0 -3 -1 -2 -2
1 0 -1 0 -1 -2 -1 0
0 -1 -2 -2 -4 -1 -1 0
-2 1 -1 -1 -1 -1 0 0
0 0 0 2 0 1 -2 0
-2 -3 -2 -2 -1 -1 -1 -1
1 -2 -2 -1 -2 0 -2 -3
-2 0 -2 0 0 -1 0 -1
-2 -1 -2 1 1 -2 -1 0
-2 0 0 0 -1 1 0 0
-1 0 -2 1 0 0 1 -2
-3 -2 1 -1 0 0 -2 -1
-1 -1 -1 -2 0 -3 0 -2
0 -1 -1 0 -1 -1 -2 -1
0 -1 0 0 -2 -2 -2 -1
-1 0 1 -1 -3 -1 -1 -2
0 -1 0 0 -1 0 -1 -1
-1 -2 -2 -2 -1 -3 0 1
1 0 -1 -2 -2 1 -2 -1
1 0 -2 -1 -1 0 0 1
-1 -1 -2 -1 -2 -2 0 -1
-2 0 -1 0 1 0 -2 0
-2 -2 0 -1 -1 -3 -3 1
-1 0 1 -3 0 -1 -1 -1
-2 -2 -1 -2 -1 1 0 0
1 -1 1 -2 -1 0 0 -2
-1 -1 -1 0 0 2 0 0
0 0 -1 -2 -1 -1 0 -1
0 0 -1 -1 1 -1 1 -2
-1 -2 -1 -1 1 -3 -1 0
-1 0 1 -1 1 -4 0 0
0 -1 -1 0 -1 0 -1 -2
-1 -1 -2 1 -1 -1 -2 0
-2 -1 -1 0 -2 -1 -1 -1
-1 -2 -2 -1 -1 -1 -2 0
-2 -2 -3 0 -1 0 -1 -1
-1 -1 -1 -2 -1 -3 -2 -1
0 -2 -2 0 -1 -1 -1 -2
1 0 -2 -2 0 0 -2 -1
-1 -1 -1 -1 -1 -2 -1 1
-2 -1 0 0 1 1 -1 0
-2 -2 -2 -2 -1 -1 0 -1
1 -2 -1 0 0 -2 1 -1
-1 0 -1 -1 0 -1 -1 -2
-1 -1 0 -1 -1 -1 -2 0
-1 0 -1 0 -2 -1 0 0
-1 -3 0 0 -2 -1 0 0
0 -1 -1 -1 -1 0 -1 -2
0 -1 -1 0 -1 -3 0 0
-1 0 -1 -3 -3 -1 0 -1
-1 -1 -2 -1 -2 -2 -2 -1
0 -1 1 2 -1 -1 -1 1
-1 -2 1 -2 1 -1 0 -1
-1 -1 -1 0 -1 0 0 1
-3 0 0 0 0 0 -2 -2
-1 0 -2 -3 0 -3 0 -1
0 1 -1 0 0 -1 -1 -1
0 -1 1 -1 -1 0 -2 0
-1 -2 0 -2 -1 -1 0 -1
-2 0 -2 0 -1 0 -2 0
-2 -1 -2 -1 -2 0 -2 -1
0 -1 -1 0 0 1 -1 -1
0 0 -2 0 1 -1 -2 0
0 -1 1 0 0 -2 0 -1
-2 1 -1 -1 1 -1 0 -1
-1 -1 -1 2 0 -1 0 -2
-2 -1 -2 -2 -2 0 -1 -1
-2 -1 -1 -1 -1 -2 -2 0
-1 -1 -1 -1 -2 -1 -1 0
-1 0 1 -2 0 0 0 1
0 0 1 -2 -1 -3 -2 0
-1 -1 -2 0 0 0 0 -2
-1 -1 0 -1 -2 -1 -1 -1
-1 0 -1 1 -1 -2 -1 -3
-3 0 -2 -1 0 0 1 -2
1 -2 0 -1 0 -1 0 0
-1 -2 -2 -2 -2 0 -2 -2
0 -3 -2 -1 -2 -1 -1 0
0 0 -1 0 -1 0 -1 -1
-1 -1 1 -2 0 -1 -1 -1
-1 -1 -2 0 0 1 1 -1
-1 0 0 -3 -2 -1 -1 0
-2 -1 -2 0 -2 -2 -1 1
-1 0 -2 -1 -2 -1 -2 0
0 -1 -1 0 -2 -2 -2 -2
-2 -1 -2 -2 -2 -1 -1 -2
-2 0 -1 0 -1 -1 1 -1
-3 -2 -1 -1 -2 -1 0 -2
0 -1 -1 1 0 -2 0 0
2 -2 1 0 -2 0 -1 -1
0 0 -1 -1 -1 -2 -1 0
-1 0 -1 -2 -1 -2 -1 0
-2 0 0 -1 -2 0 -1 -1
-1 0 -1 0 -1 -2 -1 -2
0 0 -1 -2 -2 0 -1 0
-3 -3 -1 -1 -2 -1 -1 0
-1 -1 -1 -1 0 -1 0 0
-1 -1 -2 -2 2 -2 -1 -2
-1 -1 0 -1 -2 0 1 -2
-2 -1 -1 0 -1 -1 -2 -2
-1 -1 0 -2 -1 -1 -1 -1
-1 0 -2 0 -2 -2 -2 0
0 -2 0 0 -3 1 0 0
-1 -1 -2 0 0 -2 0 -1
-1 -1 -2 1 -2 0 -1 -2
0 0 -2 -3 -2 1 1 0
0 -1 0 0 1 -1 -2 -1
2 -1 2 0 -2 0 -1 0
1 0 -2 0 -1 -1 -2 -1
-1 1 0 2 -3 1 -1 0
2 0 4 19 72 17 5 0
-4 -4 -7 -35 -78 -32 -14 -3
-1 0 -3 -4 41 -6 5 -3
-1 -1 1 -2 17 -1 -1 -3
-1 0 -3 -4 4 0 0 0
3 1 2 15 35 15 3 -3
-1 -1 -1 -2 -8 4 -2 1
-1 -1 -3 -2 -17 -5 0 1
-1 -2 -1 2 -7 2 1 -3
-1 -1 1 5 8 1 2 1
0 1 -3 -5 -11 -5 -3 0
-1 0 -1 2 2 0 0 -1
-1 -2 -2 -7 -22 -6 -4 0
-1 -3 0 -1 1 0 1 0
-1 -1 1 0 3 3 0 -1
0 2 0 0 6 1 -3 -1
-2 0 -2 -7 -16 -7 -2 -1
0 0 0 3 7 0 0 -1
-2 -2 1 2 5 2 -1 -1
-1 -1 -2 -4 -5 0 0 2
-2 -3 -1 -4 -12 -5 -2 -1
0 -1 -1 8 44 10 4 1
-1 0 1 5 -25 -2 0 0
-3 -3 -5 -15 -16 -6 -4 -4
-2 -2 -6 -16 -39 -11 -3 -2
-1 1 0 3 4 2 0 -2
0 0 0 3 19 3 0 0
-1 -1 0 6 15 2 1 1
-1 -1 0 1 4 2 -1 0
-2 -1 -2 -2 0 -1 0 0
0 -1 -1 -2 -12 -3 -2 1
-1 -3 0 1 1 -1 -1 -1
0 0 0 1 4 -2 -1 -2
0 -2 0 -2 -9 -1 0 0
-2 -1 0 -3 0 -1 -1 -2
0 -1 -1 0 -3 -1 -1 -1
-1 -1 -3 1 7 -1 -1 0
0 1 0 -1 -5 -1 -3 -1
-1 -2 -2 -2 -9 -1 0 -1
-1 0 2 0 5 2 1 0
1 -1 -1 1 4 0 -2 -3
-1 0 -1 4 4 6 1 2
-6 -2 -6 -17 -42 -17 -5 -6
3 -1 -1 1 2 1 0 3
-1 0 1 3 5 2 2 3
22 2 4 15 95 15 -3 25
-23 -4 -7 -31 -83 -25 -3 -31
-4 0 -3 -2 38 -2 -1 -6
-3 0 -2 -4 29 -3 7 -3
1 1 -2 -1 -18 -5 -4 2
8 -1 3 13 37 12 -2 10
1 -1 1 -1 -18 -1 -4 0
-1 1 2 4 -4 5 1 -17
-5 -4 -2 -5 -14 -3 -6 8
2 0 -1 4 9 -1 4 0
-8 -4 -2 -5 -17 -3 2 3
1 -1 0 2 4 2 -3 -1
-4 -1 -1 -4 -23 -5 4 -7
3 1 -1 3 11 4 -1 5
3 -2 -2 2 12 1 -3 -1
0 0 -2 -2 -6 -2 -1 7
-6 -3 -2 -5 -23 -6 0 -9
2 -1 0 6 20 4 -1 3
-1 0 -1 1 0 2 1 -6
-1 -1 -1 -1 -7 -3 -3 3
-5 0 -1 -5 -9 -3 -1 -9
4 1 0 6 20 4 -1 3
1 0 -1 -1 -7 -2 -1 2
-1 -2 -2 3 23 1 0 3
-3 -1 -3 -6 -26 -8 -3 -5
0 0 1 1 9 3 1 4
0 -1 0 -1 -1 0 -1 1
-1 -2 -1 -3 -9 -1 -2 -1
-2 0 -1 2 15 1 0 -7
1 0 -1 4 29 5 0 2
0 0 0 8 13 6 2 -1
-6 -4 -10 -37 -60 -32 -12 -7
-2 -1 -1 1 37 -1 1 -2
0 1 -1 -2 2 1 -3 0
0 -1 0 8 40 7 1 0
2 0 2 10 2 6 2 2
-3 0 -2 -4 -26 -2 -2 -3
-1 -2 0 -2 1 -1 -2 -1
-1 0 1 -1 -16 -4 -2 -30
5 -2 -3 -2 -8 -3 -5 66
3 0 -2 -4 -8 -1 0 40
-7 -1 1 7 12 4 8 -20
-4 -1 -1 -5 -12 -6 -3 -4
1 0 0 2 0 3 -1 -12
1 -2 1 3 17 7 5 10
5 -1 1 0 -9 1 -12 -5
1 -4 -5 -9 -23 -13 7 18
-4 0 -1 -4 -4 -6 -2 -15
-2 -1 0 2 -2 0 0 -3
2 -1 0 0 2 3 1 -6
-2 0 1 -2 -1 -1 -2 -5
1 -1 1 4 19 9 2 -4
-4 -3 0 -3 -6 -5 -1 -24
-1 0 -2 -2 -8 -6 -3 6
0 0 -2 0 9 2 -3 6
-2 -1 -1 3 2 0 2 -5
0 -2 -2 -3 -6 -3 -2 -6
-3 -2 0 -1 0 -3 0 4
0 -1 0 0 -2 -1 1 7
-2 1 0 3 5 2 -1 -13
-2 0 -2 -2 -4 -4 -2 -12
1 -2 -1 2 14 0 0 8
-2 -2 0 2 -5 0 -1 -4
-1 -1 0 0 -15 -2 0 -5
-2 -1 0 0 3 -1 -1 -4
-2 0 -3 -3 -8 -2 1 6
0 -1 0 0 8 3 -2 2
-1 -4 1 3 11 2 0 -4
-2 -2 -2 -1 -6 -2 0 -2
0 0 0 -1 1 -1 -1 -2
-1 -1 -1 -2 -3 -1 -1 -3
-2 -1 0 1 3 2 0 0
-1 0 -1 0 -1 -1 0 -6
-1 -2 -2 -1 -5 -3 0 2
-1 0 -1 1 -3 -1 -1 1
-1 -1 0 -2 -1 -1 0 -1
0 -1 0 -1 2 1 -1 -3
-1 -2 -1 -1 -4 -1 0 -1
0 -1 -3 -4 -5 -2 -1 0
-2 0 1 2 3 0 -1 -4
0 0 -1 -2 -1 -2 -1 -4
-1 1 -1 -1 -4 0 -1 2
-1 -1 -2 -1 -1 -1 -1 -2
-2 -1 -1 0 5 -1 0 -2
-1 0 -1 -1 -1 -1 -2 -1
-1 -4 0 -3 -3 0 0 1
-1 -2 -1 -1 0 -4 -3 0
0 -1 -2 -2 -5 -1 0 -2
0 0 -1 -1 -3 -1 -1 -2
0 0 -1 -2 1 -2 0 -1
0 -1 -1 -1 -3 1 -1 -1
0 -1 -2 -3 3 0 0 0
-1 -2 0 -2 -1 0 1 -2
-3 -2 -1 -1 -3 -1 -1 -1
-1 -1 1 0 2 0 -1 -1
1 -1 1 1 1 -2 -1 -1
-1 -1 0 -1 -2 -2 -3 0
-2 -1 -1 -1 0 1 0 0
-2 0 -2 -1 -2 -1 -1 -1
0 0 -1 0 1 2 0 -3
1 -1 -2 -1 -1 0 -1 -1
2 -1 0 0 -2 -2 -1 -2
-1 -1 0 -2 0 -2 -1 0
-1 0 -1 -1 -1 0 -2 -1
-3 -1 -2 -1 -1 -1 -1 -1
-2 -1 -1 -2 0 -4 -2 -2
-1 -1 -1 -2 -2 -1 0 0
2 -1 -1 0 0 -1 -1 -3
-1 -1 0 1 -1 0 0 -1
-1 1 0 1 0 -3 0 0
0 -2 -1 0 -1 1 0 0
-2 -1 0 -2 0 2 -1 -2
-2 -1 -2 -2 -1 -3 -1 -1
-1 -2 -1 -1 -2 -3 -2 -1
-1 -1 -2 0 0 0 -1 1
-1 -2 -2 0 -1 -1 -1 -1
0 0 -1 -1 -2 2 -3 -1
-1 -1 -2 -1 0 -2 -1 -3
0 -2 -1 -2 -1 -1 0 -1
-1 1 0 -2 -2 -2 -2 -2
-3 -1 1 0 10 -1 0 -1
-2 -1 0 -2 -1 0 -1 1
-1 -2 -1 -1 0 -1 -1 -1
0 -2 -1 0 0 0 0 -1
1 -1 0 -2 -5 -3 -2 -1
0 0 0 -1 -1 0 0 -1
0 1 -1 -3 -3 0 0 0
-2 -2 -1 0 -1 -2 -2 1
0 -1 -1 0 -3 -2 0 -2
0 -1 -1 -1 0 0 0 0
0 0 -2 -1 -3 1 -1 0
-1 -2 -1 0 -1 0 0 0
-2 -2 -2 0 -2 -1 -1 -2
0 0 -2 -1 -1 0 -1 -1
-2 -1 0 1 1 -2 -1 -2
-2 0 -1 -1 0 -1 0 0
-1 -1 -1 1 -1 0 0 1
-1 -1 0 -1 0 -1 -1 -2
-2 -1 0 0 1 -3 -2 0
0 -1 -2 -1 -1 -3 0 -2
0 1 0 -1 -2 -3 1 -1
-1 -1 -2 0 -2 -3 -3 0
-2 0 -2 -2 -2 0 -1 -1
-1 -1 0 -1 0 -1 -2 -1
0 -1 -1 -2 -2 0 -1 -1
0 0 -1 -1 0 1 0 1
-1 -1 0 0 -1 -2 -3 0
-1 -1 1 -2 0 0 0 -1
-1 -1 -2 0 0 -2 -1 -1
-1 0 -1 0 -1 -1 -1 -1
-1 -2 -2 -2 0 0 0 -2
-1 0 -2 0 -1 -1 -2 -1
-2 0 -1 -3 -1 -1 -1 0
-2 -3 -1 -1 -3 -1 -3 -1
0 -1 -2 -1 -2 -1 0 -1
-2 0 -2 -1 -2 -3 -1 0
-1 -1 -1 -1 -2 1 0 -3
0 -1 -1 0 0 -3 -3 -2
-1 -2 -2 -1 0 -1 -2 -2
-1 -1 0 0 -1 0 0 -1
0 0 0 0 0 -1 0 -1
-1 0 -1 -3 -3 0 0 -2
-1 -1 -2 0 -2 0 0 -1
-1 -2 0 1 0 1 -1 -1
-2 -1 -2 -2 -1 -3 -2 0
-2 -2 0 -2 -1 3 -1 -1
1 -2 1 -1 0 0 1 -1
0 -1 -1 -1 0 1 2 -1
-1 -1 -2 0 -1 0 -1 -1
-3 1 2 -1 -1 -1 1 0
-2 -1 -1 -1 -1 -1 -1 1
0 -1 -2 -3 -1 0 -1 -1
1 -1 -1 -1 0 -1 1 -1
0 -2 -3 1 -3 -1 0 -1
0 -1 0 0 0 0 -2 0
0 0 0 -1 1 -1 -1 -1
0 0 -1 -1 -2 -1 -1 -2
-1 0 -2 -1 -1 -2 -1 -1
-1 -1 0 -2 -2 -1 -2 -1
0 -1 -1 0 -2 -1 0 -2
-1 0 1 0 -1 -1 -1 0
0 0 1 -1 0 0 -1 0
-2 0 -2 -1 0 -2 0 -2
-1 -1 -2 0 -1 -2 0 0
0 -1 -1 0 -2 -2 0 0
0 -1 -1 1 0 0 0 0
-1 0 0 1 -1 -2 0 -1
0 0 0 0 0 0 -1 -1
-4 -3 1 -1 -1 -2 -2 2
-1 -1 -1 0 -1 -2 -3 0
0 0 -1 1 -3 0 -1 -2
-3 0 -2 -2 0 0 -2 0
-1 -2 0 -1 0 -1 -1 -2
0 -2 -2 0 0 0 0 0
0 -2 0 0 -2 2 0 -1
-1 -1 -1 -1 -1 -2 -1 0
0 0 -1 -1 -2 -2 -1 0
-1 -2 0 -3 0 -1 0 -1
0 0 -1 -1 -1 -2 0 -2
-1 1 -1 1 -2 -1 -1 -3
-1 -2 -2 -1 -1 -1 -1 -2
-2 -1 0 -1 -2 -2 0 -1
0 -1 0 -1 -1 -2 -2 1
3 3 7 21 98 14 9 4
-7 -8 -8 -21 -46 -54 -20 -9
2 2 6 13 109 11 -3 -1
0 -17 -20 -59 -115 -1 7 1
0 -5 -4 5 47 -3 2 0
-9 -5 -8 4 -40 29 -18 -11
-5 -2 2 24 -21 -94 -15 -6
2 -3 -11 -96 -62 -18 -12 3
-5 -7 -9 -24 20 -41 -22 -9
12 2 22 43 127 26 34 14
-18 -16 -28 -58 -49 -33 -26 -19
1 11 11 36 90 5 5 0
3 -12 13 39 85 27 14 4
-1 12 -6 -14 -80 -30 -4 -7
-3 -8 -28 -89 10 -24 -7 6
6 0 22 102 62 17 -5 3
-5 -5 -15 -59 17 -72 -36 -7
-4 -1 4 49 120 37 1 -8
12 10 23 63 -13 91 -2 -29
0 -20 5 88 127 28 9 32
-4 7 -28 -124 -102 -3 15 1
-4 10 -9 18 34 -37 -18 -3
-2 4 10 62 90 9 8 2
5 -9 -1 -24 95 -7 3 -5
-8 -21 -21 5 101 -43 -34 -4
-10 9 19 62 87 57 35 -7
-1 16 -5 -18 -75 -25 6 -60
-8 0 7 62 113 66 4 28
19 0 46 113 94 21 38 27
-7 -20 -45 -106 -101 -105 -30 0
-4 11 8 76 127 76 8 4
21 0 23 -19 -42 33 50 16
-14 -9 -8 30 41 39 -24 -23
2 26 3 38 127 78 30 7
24 -39 4 -119 -122 -67 20 40
-9 49 0 28 -35 9 -10 -15
7 -6 4 -72 -52 37 6 15
-10 -22 -18 -64 -86 -41 -27 -27
-1 5 -11 -8 -14 -4 -11 7
-4 -34 6 67 72 -49 -12 -8
4 -18 -13 -114 -112 -70 -6 -5
-7 50 -9 17 -48 -21 -15 -9
-2 10 9 36 80 54 -1 -17
-5 -5 -4 2 -93 -50 -9 17
-4 8 -4 19 111 -15 2 -6
23 -37 32 34 112 64 38 32
-23 28 -18 43 113 -3 -20 -27
10 -17 -10 -57 26 40 4 -9
-2 -19 -11 -29 -100 -18 -2 18
-8 35 2 7 -44 -32 -2 -6
4 -45 15 54 -44 34 1 10
-8 -7 -40 -71 -35 -54 -20 -19
11 20 13 65 118 47 -3 -1
-20 2 -26 -31 52 -18 -21 -23
23 -11 17 -12 -79 59 14 54
-24 -4 -36 -42 -52 -75 -68 -36
-1 -2 0 1 -10 -4 11 8
12 -26 28 44 125 87 2 3
-13 24 -6 29 102 -79 -18 -18
22 -10 11 -81 127 127 23 22
-22 62 -25 35 38 -66 -33 -42
4 -8 -18 -63 89 -70 -27 25
-2 2 4 6 60 8 3 -8
-8 -28 12 51 14 5 -10 1
-2 6 7 10 -17 13 -4 -8
10 2 14 44 -126 -34 19 3
0 4 -25 -89 -46 -63 -15 16
-6 -1 -4 -20 8 -77 7 -11
4 -4 12 21 5 57 31 -1
-9 29 9 86 83 -3 -35 -5
-4 -16 -26 -81 90 6 4 -8
-2 5 10 30 5 5 -3 -9
11 -36 6 -60 -121 -20 16 22
-5 37 0 -4 10 -11 -11 -16
-5 5 15 107 127 12 11 10
-11 48 -39 -73 26 -50 -35 -22
-1 8 -1 49 101 85 -34 -3
-5 -17 9 -39 49 51 34 -2
-8 -9 -7 18 76 -25 -13 -15
11 3 14 54 17 6 18 21
-5 -5 9 -21 32 -18 11 -12
14 -40 29 127 81 95 29 3
-17 71 -38 -77 -86 -35 -51 -15
3 -35 -3 -9 102 -11 44 13
-1 -9 6 32 124 44 8 -3
12 -104 -7 -89 -57 -6 15 16
-3 39 15 80 6 87 11 -1
14 -30 30 19 -65 67 21 7
-3 57 -7 11 52 -42 -29 0
-18 36 -53 -128 -128 -100 -5 12
13 -69 25 44 92 -5 21 10
-9 10 -10 -15 -54 -62 -16 -5
10 -12 7 11 79 -10 22 -10
2 11 11 36 -29 -45 -11 6
-2 29 24 44 51 52 13 -7
4 -12 -8 88 124 82 14 20
-4 -27 24 79 20 -18 8 -19
-2 22 -37 -87 -64 -67 -3 -3
2 -27 36 102 51 51 20 8
2 -11 -2 -84 -47 33 8 -10
-1 18 -9 -25 -95 -57 -14 9
3 -12 14 26 93 25 -1 6
9 -59 -12 -111 -128 -82 3 3
-15 61 -11 -4 85 23 -13 -12
-4 -14 -17 -99 -51 -3 6 3
-5 40 12 60 106 44 -10 -23
-9 84 -28 -4 58 -72 -23 10
0 -5 12 37 4 -59 -15 -9
3 1 -15 -99 -50 5 -8 14
0 35 22 58 -40 5 -5 -9
1 -49 -1 4 -47 -33 -4 -11
-2 32 -2 -2 43 -10 -4 6
0 -36 3 17 9 75 16 5
-6 37 -6 6 26 18 -3 -8
1 -26 7 10 -8 -6 -11 -6
3 -43 -11 -86 45 12 12 7
-6 34 -17 -43 -46 25 4 -20
5 -41 1 -39 -56 20 20 30
-12 53 -24 -23 15 12 -18 -12
9 -93 21 2 -92 -36 8 20
-3 75 -6 70 104 73 2 -3
10 -85 7 -20 -23 -68 -7 -5
-4 42 -9 -83 -78 -9 -5 -9
3 25 31 127 71 32 0 0
3 -40 -13 -87 59 -23 12 2
-6 -10 -15 15 -54 62 -14 -13
15 -128 13 -59 -83 -41 15 28
-11 93 -3 64 -17 -9 -19 -17
-8 8 -25 -65 -123 -64 -19 26
-6 -49 2 -10 48 28 5 -31
0 53 -1 -27 -49 -46 -15 1
-3 -7 -23 -91 -26 -5 11 -8
-7 6 19 109 82 -3 -4 -15
14 -71 -1 -79 -24 -10 11 40
-15 62 -14 93 32 -8 -15 -24
-1 -10 -4 -38 -71 -28 1 -2
14 -64 47 101 90 55 2 8
-19 68 -39 31 69 -41 -49 -21
1 -36 15 7 -39 -28 22 -16
-4 36 -9 3 57 25 -16 -1
-2 -1 12 60 5 12 7 1
11 -51 -1 -67 -3 13 -11 4
-13 61 -7 92 127 4 -31 -14
-2 -8 5 49 -27 -41 -10 -8
0 6 -17 -86 32 39 13 1
-6 36 14 120 78 6 -5 -6
12 -90 1 -58 -25 20 19 22
0 -22 5 39 61 20 -1 -3
-3 12 5 66 -33 -22 -15 -3
1 47 2 -30 38 3 14 2
5 5 20 30 -55 -29 -3 9
-15 56 -17 2 102 -4 -21 -21
1 -28 1 11 17 -6 18 0
-3 42 -1 -22 -85 -85 -18 -13
-6 2 -10 31 34 11 -6 17
-3 45 3 34 -2 -1 -7 -5
-3 14 -3 4 40 13 9 0
3 -37 -5 -39 -47 -47 8 -2
-6 40 -13 -21 127 72 0 -15
6 -45 -2 -27 -9 4 -4 5
-1 -4 2 27 75 -4 -9 -2
-7 45 -13 -55 -4 42 -4 -6
5 -15 9 17 35 6 7 5
0 -11 0 17 14 -36 14 1
1 10 0 -65 -128 -41 -12 -5
-2 36 5 21 -28 12 -4 2
-3 -8 -12 -48 -21 -53 -26 -8
-6 25 -16 -24 -3 -86 5 -7
16 -104 15 14 -64 41 24 20
-1 38 14 80 35 -8 -6 1
-3 -39 5 75 127 98 14 -7
10 -22 4 -62 -28 -1 8 10
-1 3 3 64 109 32 -4 -1
-10 16 -10 25 95 28 -7 -6
4 -40 6 2 40 13 18 0
8 -58 10 1 -60 15 1 8
-13 49 -30 -64 24 8 -12 -10
6 -33 12 6 -51 4 15 7
12 -23 2 -65 -128 23 13 16
-1 28 -4 -2 -17 90 4 1
2 5 8 28 23 -55 -21 -3
-7 23 -11 42 104 8 -13 -8
4 16 -4 -30 -20 66 22 7
1 -10 -13 -96 -30 4 -9 1
-12 61 -8 41 -46 -2 -22 -14
-1 -4 -7 -60 -63 -26 1 -1
-3 -28 -2 5 75 -3 8 -1
-10 59 -9 80 127 12 -8 -10
-1 -30 -14 -107 -95 -16 -18 0
7 -61 14 8 -22 64 17 -2
0 -19 -15 7 -4 3 -6 26
10 -22 19 -40 -80 36 22 10
-15 72 -39 -68 -50 -85 -18 -11
-5 43 2 29 -51 21 -7 -12
3 -20 39 88 57 -19 -7 -10
10 -86 -13 -37 15 27 17 14
-9 59 -15 6 -59 -60 -19 -13
-4 -1 0 24 64 -14 1 -1
2 -34 14 71 -47 -15 28 2
-3 5 -19 -54 -39 10 3 1
0 24 1 15 12 42 -13 -7
13 -96 27 103 119 60 21 19
-20 123 -39 -66 -78 -81 -17 -23
-4 -6 16 84 67 8 0 -9
9 -65 14 -3 4 25 29 16
-1 -1 7 29 75 26 -13 0
3 -59 -1 -45 -39 2 -1 1
-25 106 -6 98 39 -87 -58 -32
4 -55 18 31 112 10 18 6
5 -38 -7 -94 -103 -33 9 9
-5 -8 -15 26 40 37 -1 -10
5 29 7 12 89 16 -8 2
8 -66 17 -3 -14 9 22 12
-18 95 -16 63 66 -29 -27 -21
10 -57 -7 -128 -47 37 21 11
4 -71 14 8 -39 47 4 4
9 -33 12 -34 -67 28 20 19
-15 50 -31 -69 10 -72 -39 -18
5 -42 7 8 40 20 16 8
-9 47 7 114 79 47 -15 -14
2 -64 -12 -63 -88 -10 13 3
9 -37 7 -27 -94 27 22 14
-7 32 2 44 12 -22 -1 -7
11 -75 2 -99 -128 -66 16 13
-8 44 -8 -7 -18 -39 -31 -30
-6 36 -3 58 95 -20 -10 14
0 18 -4 -14 -82 -75 -25 -5
-3 3 -2 38 82 30 4 -1
-4 20 -4 38 0 51 -15 -2
3 -56 4 -24 -16 8 8 -6
1 -32 -11 -94 -12 -70 -32 -7
-2 33 15 79 65 40 0 2
9 -43 8 -1 54 23 18 7
-11 77 -14 -16 -29 2 -5 -11
21 -77 29 -1 21 96 51 28
-9 27 2 86 7 -8 -16 -15
-3 9 -8 -7 59 29 1 2
7 0 12 -9 -98 3 10 8
-3 6 14 74 45 24 5 -1
-5 7 -24 -115 -5 -21 -3 -10
-1 58 0 34 20 -32 -9 1
5 -39 -3 -15 10 34 12 7
0 14 21 119 115 43 -1 -6
-9 43 -27 -5 0 10 -22 -1
-3 35 1 15 -9 -26 -6 -5
9 -55 19 30 67 21 14 10
-20 69 -51 -89 35 1 -29 -24
6 -29 -4 -57 15 -35 5 5
-3 46 3 51 127 45 23 3
2 -31 -6 -71 -35 -56 8 1
-1 4 20 69 62 4 -7 -13
0 -10 -10 -14 -20 -53 -12 10
-12 44 -22 17 6 -9 -15 -13
3 -17 4 -10 -60 -66 -7 -1
-6 26 -14 -39 -100 13 -9 -3
7 -35 8 -9 -56 6 19 3
5 -25 16 69 58 59 -12 9
-6 50 -12 -58 -23 -31 -24 -8
0 -32 2 -4 96 31 8 -3
5 -33 14 -14 69 22 12 5
9 -79 7 -37 -18 0 25 15
-14 117 -4 121 -27 -17 -23 -17
-5 18 -30 -85 -106 -88 -24 -5
5 -41 8 50 53 54 28 6
-1 27 7 5 -39 -76 -10 -1
-2 -17 -5 30 41 60 1 -6
1 -3 18 70 -2 2 9 13
20 -96 24 -39 -3 61 41 23
-21 71 -16 35 33 -6 -23 -26
7 -57 12 16 66 -2 14 6
-7 27 -13 -20 -4 -29 -11 -5
0 12 12 -11 6 -3 -2 -1
2 -2 4 11 3 -10 -1 -3
-1 -38 -3 13 109 31 11 2
-3 17 2 42 60 -58 -4 -5
-8 40 -15 -35 -38 -39 -13 -6
-6 16 -21 -19 45 -32 -11 -10
0 -21 7 28 -35 53 14 1
1 -17 -3 -6 -23 -10 0 15
-9 19 -3 27 -82 -16 -14 -14
10 -90 7 -46 -52 17 11 13
1 -22 -13 -84 117 -15 8 -2
-8 13 0 42 97 72 3 -15
4 -46 -1 -68 -105 -6 0 6
-1 -8 3 36 -74 -7 -4 -1
6 -56 7 -30 -96 16 3 10
-11 55 -32 -79 -29 -23 -37 -23
4 -7 4 56 95 4 -13 10
3 1 -1 -53 -82 -35 13 3
-5 44 12 90 71 92 8 -3
2 -1 -4 -40 41 26 16 4
-2 28 -3 -25 -67 -35 -11 -11
-1 -20 -13 -10 65 -3 -6 0
0 -16 4 53 86 -7 -3 1
20 -94 40 41 51 35 25 15
-23 81 -37 -11 47 2 -43 -20
7 -24 22 29 68 28 30 16
1 12 -8 -58 -30 -4 6 -10
11 -105 7 6 54 -32 13 33
-15 37 -12 70 -12 -35 -23 -17
-6 17 -5 -15 81 -2 -13 -10
1 -53 6 14 11 6 3 1
7 -13 9 -16 -116 -17 0 -2
-1 51 -3 -42 -87 36 26 0
-2 -37 -11 -22 -43 -38 -25 -9
0 1 2 35 7 3 19 3
-4 20 -17 -86 -90 -2 -6 -4
-4 48 11 73 89 -4 3 -1
1 12 -1 -34 -2 48 18 2
0 55 -13 -48 -93 -104 -25 0
-14 65 -7 48 -62 -93 -36 -16
8 -52 1 -13 104 35 17 7
-11 51 -8 16 24 -8 -12 -11
5 -61 10 11 43 24 5 10
-5 20 -19 -63 -3 50 8 -4
-4 -9 5 48 82 1 -8 -12
-2 54 -3 -19 -128 -55 -19 -6
6 -65 -2 -22 77 85 0 7
-1 -2 12 85 113 87 17 -2
3 -34 -7 -96 -37 -77 -2 0
-1 -4 -5 -8 8 -6 -8 -5
-2 22 4 24 82 17 -4 15
-4 -43 -18 -81 1 -6 3 -15
-3 23 5 54 -20 -21 -1 7
1 -29 10 47 73 -21 4 5
-3 3 -13 -8 -39 -24 0 -12
-7 35 -27 -97 -87 -11 6 2
2 -12 13 53 99 14 11 -8
5 -75 10 19 -58 91 29 9
-8 69 -18 -71 40 7 -3 -4
4 -27 14 43 19 7 -3 0
3 -40 0 -13 -88 -23 -12 0
1 13 -3 -12 4 14 5 4
5 -44 16 50 38 -15 -1 0
-15 103 -13 89 -18 -59 -35 -20
7 -15 2 -70 -27 40 14 9
3 6 8 12 6 -2 -3 6
-12 32 -10 12 -13 -41 -15 -17
5 6 15 17 -43 -35 -9 -5
1 -17 2 14 88 10 -1 10
1 30 -1 23 42 -13 9 0
-2 -1 -17 -107 -30 -8 -4 -1
-3 28 -3 -13 127 59 4 2
4 -29 14 23 -58 -3 10 -1
-1 -7 -3 -63 -47 47 7 -5
2 -27 4 56 78 24 11 8
5 -47 7 34 77 13 7 10
-4 14 -7 -28 97 -19 -8 -7
-7 -36 -14 -17 71 -36 -18 -7
17 -70 34 45 -10 79 37 21
-13 58 -7 97 24 -39 -23 -15
2 -18 -5 -45 -1 31 15 7
1 -4 1 -2 23 -58 -7 -1
-6 5 -6 34 -112 1 -30 -12
6 -36 -2 -91 -89 21 7 8
-1 8 -4 59 49 1 5 -4
-3 10 -3 15 42 16 -3 -1
-1 -38 0 17 15 -79 -17 -6
9 -78 14 -29 -2 -4 27 16
-14 58 -18 5 -128 -47 -36 -18
0 -10 2 -5 -111 58 8 2
1 -19 2 40 52 -3 -1 0
-5 23 -12 -61 -97 -58 -21 -16
7 -43 1 -37 30 -8 20 24
-2 27 3 28 21 -40 4 3
-5 27 -14 -81 -128 -37 -36 -12
-4 20 4 57 97 33 3 -7
4 15 9 -13 -95 12 -10 -3
-3 39 -6 12 -15 -9 -11 -5
1 8 -3 8 27 -27 20 2
-2 37 9 51 -29 12 -10 -3
8 -14 -9 -56 18 69 21 10
-9 40 -9 26 34 23 -12 -10
-6 -12 -9 -2 59 -30 -4 -7
4 -18 9 20 49 34 15 10
-4 -3 5 39 26 -51 -14 -7
1 0 9 58 7 -6 -3 -11
-6 65 -37 -118 -109 -49 -5 4
-4 3 4 106 100 45 1 -3
-1 -26 7 64 85 -37 -7 -6
4 -19 -2 -78 -55 -32 19 4
-9 63 10 123 56 0 -14 -15
4 -31 -6 -43 0 14 5 6
0 -16 -5 -13 11 33 4 -1
-1 -9 -4 -10 -31 1 15 1
0 -14 14 46 115 25 7 2
3 15 -4 -85 -111 -56 1 5
-7 -10 18 100 77 17 -1 -9
7 -34 -7 -51 10 42 15 10
-4 -3 -3 -27 -22 27 3 -4
2 -14 4 7 6 20 6 3
-2 18 -1 -33 -67 -48 -5 -6
-1 -17 7 41 0 10 -6 -7
2 45 -5 -44 -76 15 4 23
-3 -20 -5 40 127 18 -8 -7
1 14 -2 -24 -87 17 4 4
-4 -22 2 18 69 -4 -11 -8
-5 1 0 39 71 50 1 -11
5 -28 14 32 83 27 9 12
-6 2 -15 -45 -18 -18 -13 -10
1 -6 4 10 12 -1 -1 4
-3 -10 -6 -32 -2 -49 1 -4
4 -23 6 -2 -9 7 9 7
3 -30 11 57 74 32 8 1
-6 46 -10 -56 -97 -16 -19 -7
0 -11 1 9 20 -11 9 -1
-3 -15 -11 -20 -25 -26 -12 -7
2 -8 -12 -49 13 36 15 6
1 3 2 16 -36 -34 -4 4
-4 51 -4 13 39 38 -5 -10
-4 18 -3 -3 12 -36 -10 -7
0 4 6 9 -53 2 -8 2
-3 19 7 64 54 -36 -6 3
7 -3 -9 -101 -49 11 2 5
-2 18 -1 28 -23 23 3 -2
-3 0 0 11 -34 -18 -5 -7
0 11 -1 -32 -51 -15 -8 -4
0 -20 18 82 45 14 6 7
-1 -12 1 9 107 45 4 0
-3 47 -7 -5 -76 -3 -3 -3
-1 -22 -1 9 18 11 2 2
2 -9 3 -13 -43 -6 0 1
-2 -9 -1 -15 -91 3 5 0
1 0 8 40 108 -78 -9 -1
-7 23 -19 -43 -33 -30 -4 -10
-6 21 1 17 -6 3 5 -7
1 -19 3 -15 -2 -17 1 5
2 -10 -3 -26 -71 18 8 6
3 26 12 41 -61 9 -2 1
-2 -19 -18 -32 90 21 3 -3
-3 42 2 17 -17 -5 -5 -3
-2 -46 -5 -25 127 64 9 0
1 -7 7 29 127 -10 -7 1
-10 85 -8 -8 -128 -60 -36 -15
2 -5 10 88 77 17 7 2
0 -1 -3 -31 -46 0 1 0
11 -88 14 43 67 48 26 15
-2 19 -10 -67 -13 44 -10 -6
-9 42 -21 -32 35 -38 -12 -11
2 8 5 19 -78 -55 9 2
-6 -15 -7 -11 127 95 -6 -7
10 -51 15 10 28 -23 11 13
-5 28 -6 -21 21 -17 -10 -12
6 -31 -3 -74 -69 29 17 28
-12 79 -1 64 97 53 -9 -15
1 -28 2 35 -29 -90 -33 -7
3 -19 -11 -123 -128 -14 4 -1
1 -15 5 31 127 18 -10 -6
-7 65 -14 -57 -128 -90 -30 -7
2 -26 3 -12 12 48 15 3
-8 22 -11 -38 -34 18 -2 -4
4 -28 -1 -36 -52 21 -1 1
0 20 -3 -19 -14 -12 10 3
7 -60 10 -27 -102 13 7 6
3 39 5 57 33 13 -30 4
-8 49 -7 0 25 40 -21 -10
7 -82 5 -24 30 42 7 -7
-11 34 -13 21 87 -43 -2 -3
7 -42 15 22 12 11 24 28
-11 54 -4 38 30 -73 -19 -37
6 -42 -2 9 -63 -33 -5 21
4 -47 7 50 127 81 20 6
9 0 -2 -5 63 -98 9 5
-22 -4 4 36 10 32 -2 -10
2 36 -4 -15 -33 -21 -4 -7
-6 -1 8 28 -7 -18 6 -7
0 49 -20 -3 63 9 -3 2
5 -4 6 27 83 -12 8 8
-8 16 1 46 -8 -50 -9 -14
-4 45 -11 -8 -52 -16 -13 2
12 -53 23 27 -128 -8 10 22
-12 49 -37 -48 84 -3 -18 -19
2 -41 7 46 83 34 13 5
0 7 -6 -31 -45 18 0 3
-14 35 -4 18 20 -45 -28 -27
0 -10 9 34 -15 -9 -1 1
18 -71 14 -28 41 50 33 25
-7 19 -15 3 28 -9 -22 -18
3 -44 -14 -111 -23 28 17 -3
4 19 5 22 16 7 5 10
-7 20 -10 -5 70 4 -5 3
3 6 12 4 -18 39 26 5
1 -49 6 13 -18 -55 -19 -2
1 20 -15 -70 -68 -72 2 -7
-10 42 -11 -41 53 30 -5 -12
0 0 7 6 -44 -23 -4 -5
-14 84 -18 -22 -22 10 -8 -7
9 -16 15 66 22 41 18 2
-6 30 -17 -21 -41 -37 -16 1
11 -3 9 -35 -91 -9 19 17
-9 11 3 44 7 30 -2 -18
4 -28 13 45 -28 -24 -1 7
-10 66 -12 -27 41 0 -5 -14
8 -35 10 64 111 74 1 -5
-1 -31 -3 -29 -11 -10 0 5
-3 -14 5 7 -9 46 22 3
4 18 12 35 -22 -40 2 1
-13 8 -13 11 127 -57 -31 -16
5 -33 11 13 86 38 17 7
1 -37 -4 6 57 54 -8 -15
-2 -44 -27 -6 2 -37 -84 -87
-7 -21 2 -5 -28 40 -6 31
12 -17 -1 18 17 57 -39 -10
-5 -10 0 -6 -9 -13 2 -5
-25 14 6 11 13 61 12 26
-12 -13 -15 -7 -8 -20 -22 -88
1 -8 -2 1 -39 9 0 14
-4 29 15 2 -29 -3 -8 65
-14 -11 -5 -11 4 -57 -12 83
-6 -38 -15 9 23 13 36 -87
32 -13 -6 -13 -6 -52 33 62
-75 29 -4 -5 19 -23 -14 -128
23 12 4 -10 -45 -13 13 92
-56 -59 -1 30 49 35 80 119
29 57 9 -17 -22 -21 -70 -96
32 -13 6 17 47 41 55 60
-87 -30 -15 -10 -27 9 89 -58
25 -16 7 6 15 10 -49 -15
10 -27 -6 1 5 -27 -61 -67
-49 6 0 -5 13 9 44 -73
14 57 7 1 11 15 22 68
32 -5 -7 -4 6 7 31 96
22 -9 -3 -17 -18 -74 14 127
42 -34 -11 -2 1 11 14 29
13 -11 0 8 18 -18 -13 -39
28 67 9 -16 -25 -59 -77 -35
-26 6 -3 -12 -8 -62 92 -36
35 57 6 7 -1 6 21 -18
-53 -47 -21 -28 -31 -32 -85 -43
1 -11 -1 -3 16 -18 -11 -62
-7 0 3 0 -24 25 -29 112
-29 -48 -1 0 8 -6 -50 15
28 44 11 8 52 -23 15 11
-1 0 -9 0 -8 -26 -4 73
3 0 -3 -6 14 0 -23 -52
-52 -52 -9 -6 -1 -3 32 16
28 39 11 12 -4 47 6 -61
27 11 8 9 34 44 2 0
-69 -11 -7 -9 -43 -38 -62 -109
73 20 13 29 49 42 49 124
27 -53 -23 -24 -23 -29 -55 101
19 88 12 1 2 48 0 -38
5 -1 3 16 49 56 -38 5
-30 -54 -4 4 18 25 -10 -76
-29 21 9 11 24 62 45 -20
4 15 3 8 12 -14 40 -47
26 -6 1 -7 -9 -30 5 18
-24 -15 -9 -5 12 1 7 -6
-12 4 11 21 26 36 45 30
6 -36 -9 -24 -41 -82 -22 -54
-11 28 11 17 46 34 66 78
-11 -3 -6 -23 -111 -49 -18 -109
58 57 -4 -5 0 -30 -6 7
-10 26 13 12 -4 22 -52 63
26 -19 -12 -8 -11 -36 -7 -11
-3 12 1 3 11 -20 -59 -15
34 11 -14 -19 -30 -94 13 91
-27 -19 -1 3 12 24 26 42
7 -19 -1 10 13 32 9 52
8 24 0 -8 -2 -15 33 102
-23 -58 -2 11 10 43 2 -30
32 38 -3 4 45 33 11 76
-18 25 -9 -17 -103 -7 35 83
-31 -10 -3 8 31 37 17 -62
65 -55 -5 -13 -9 -20 -65 45
-21 41 -4 -20 -45 -38 -43 -50
15 -5 12 23 35 71 -10 10
29 -25 -18 -23 -21 -76 -42 8
-37 60 9 3 -4 -22 6 -39
-25 -78 -7 7 10 29 5 36
29 4 -11 -27 -29 -69 -34 1
-9 24 5 6 11 9 14 14
10 -17 7 4 -14 -3 -26 -74
-88 -49 -13 -18 -33 -65 43 -96
0 -14 -3 4 -6 -2 -47 -7
14 -19 -2 -6 -4 21 0 15
-13 22 4 3 13 12 -6 -59
-3 -7 4 9 -2 25 -1 -1
33 24 6 -19 -12 -55 -12 51
-8 -10 -2 2 4 -22 -3 6
7 -31 -2 9 10 27 -23 -3
-69 -46 -9 7 15 6 -25 -58
13 32 1 0 19 29 28 -9
26 59 12 -4 -12 0 -31 10
46 38 0 -6 -2 -7 77 -8
6 -55 -6 5 10 37 74 -6
5 -11 -3 0 6 15 -12 -50
-6 6 -1 -3 -3 -6 -18 -59
-39 -16 7 10 4 21 54 -40
-13 -10 5 -8 -12 -9 -12 -34
-12 -42 -16 3 22 25 14 -67
61 40 10 9 13 31 50 -72
-85 -64 -12 -10 -11 -12 9 -10
81 65 3 -4 -26 -14 -27 35
-16 -27 -1 -1 19 -21 23 -40
-8 66 9 -9 0 -38 -73 0
-14 -58 -9 -8 -25 12 -5 53
18 7 3 12 21 33 25 7
32 22 1 -3 31 -54 -58 -22
-3 -49 -6 0 -33 16 15 26
-27 68 4 6 13 4 -2 24
15 -18 2 -4 0 -12 -15 32
36 32 0 12 -4 43 -33 123
-13 -16 -6 -10 1 -35 15 -9
-33 -44 -8 -8 -20 24 -14 26
35 48 6 15 17 29 -28 3
-23 -26 0 -14 -15 -53 -48 -67
-10 -4 -10 -5 -4 -14 -7 -8
50 4 5 5 13 11 -16 -50
-4 -10 -8 -11 -7 -10 -3 -7
-24 -23 3 6 3 41 40 -43
-4 2 4 -3 2 11 9 50
23 23 -2 -1 -1 -20 12 1
-19 -27 -4 -1 -5 -5 -5 14
-29 22 5 -2 -8 -24 22 -8
18 -3 0 7 7 15 -7 -50
4 10 0 -4 6 -26 26 60
23 -7 -1 -1 -38 -10 5 92
-18 -29 -5 0 5 8 19 41
1 12 -1 1 13 -1 21 53
11 47 3 0 -10 -5 -10 -15
0 -8 -1 -6 -31 -35 -3 32
-25 -21 1 5 13 16 40 -64
-36 -32 -2 12 10 13 16 -53
8 -4 -4 -6 -18 -11 -6 43
-28 -31 2 0 17 12 3 -87
77 95 8 -1 -6 2 -26 -42
-30 -18 -3 -4 2 3 8 6
-14 -11 -4 5 35 21 -10 -33
-9 -53 -9 -18 -58 6 -34 -54
9 48 8 5 1 24 11 -54
5 10 -3 -4 0 -21 21 85
5 10 -3 -3 1 5 -1 -15
-10 -11 -3 1 26 -7 11 14
-23 -34 -7 0 6 11 -4 108
0 -9 0 1 18 20 -21 -56
1 1 -4 -10 -73 -23 -19 -17
-35 -21 -6 -6 6 -37 -6 15
50 15 0 -2 4 -10 -50 -73
-18 -6 3 -1 -39 -24 -25 0
23 32 9 2 29 -22 24 -10
9 16 -2 -3 -7 1 -15 88
-12 -26 1 10 -6 22 25 -4
47 -47 -10 -7 7 -8 -9 -31
34 38 15 6 11 28 22 24
-26 -18 -1 12 11 35 20 -58
-8 -2 3 -4 10 -21 -33 0
27 23 9 13 12 46 23 -22
-12 6 -8 -7 -14 11 19 73
32 25 0 -19 -6 -65 -13 -26
-7 -9 -3 1 -12 13 -2 27
-22 1 6 20 68 55 5 -51
-27 -30 -7 -17 -84 -35 -18 -52
8 -6 2 8 37 18 -1 22
-6 -4 -4 -3 13 -20 -2 -39
6 23 -1 -3 -7 -4 -17 33
-15 -16 -4 7 57 7 21 21
2 17 -2 -2 -3 6 3 -9
-6 -9 5 0 -20 23 28 10
-12 -10 -4 -1 3 4 1 11
-11 -15 -1 7 6 15 -14 7
5 27 1 -8 -23 -23 -2 -8
-3 -14 -4 2 7 6 5 74
28 11 -4 -14 -31 -36 -18 -7
-23 -22 3 14 42 27 22 -18
7 18 -1 -8 -10 -16 -16 -46
-9 -6 1 -1 -13 2 4 48
-4 -12 -4 -11 -19 -29 -8 11
-26 -7 -1 -1 -3 -2 -4 -40
13 19 5 22 60 51 18 33
-38 -33 -12 -16 -17 -50 -20 -98
-20 25 7 4 -13 4 22 47
34 15 5 0 7 27 -3 -58
8 17 -1 0 5 -13 3 102
-18 -11 -1 -4 33 1 -6 -76
-20 -17 -4 -11 -97 1 5 -38
-50 -33 -9 1 31 -23 -27 -21
31 23 1 0 -12 10 17 43
34 30 3 3 9 -10 -20 40
-1 -25 -2 1 -16 11 12 -31
-13 32 3 -10 -13 -37 0 -21
-7 -6 2 4 7 18 -7 -119
-5 -9 -7 -4 8 -8 -6 -58
-23 -19 -3 2 21 24 21 70
36 7 1 -2 -13 20 -17 37
-11 -3 -2 -2 -9 -16 10 27
-3 -9 5 5 0 37 14 8
9 23 6 -1 13 -6 -5 -11
16 -37 -9 -1 1 -7 -8 89
7 31 4 8 6 37 -3 47
6 -2 -1 -4 -42 -4 15 -37
-29 -37 -7 -8 -30 -3 -17 28
17 33 3 5 2 12 -4 -10
-9 -8 6 2 18 14 -9 -52
1 -10 -2 7 9 10 23 1
20 5 -2 1 19 -15 -12 21
-88 -43 -8 -6 -15 2 -32 -34
5 -37 -8 -2 6 -17 6 -1
-7 54 4 3 10 5 11 -5
-10 -11 2 1 21 11 21 -47
-25 -48 -11 4 12 18 -9 -17
39 65 1 -10 -29 -26 -25 60
-57 -42 -6 -3 18 -23 -14 -58
6 15 -1 -10 -8 -40 -13 1
23 7 4 0 -10 -11 10 -16
-21 -33 -10 -1 0 -2 -6 -69
28 7 2 5 7 30 27 49
18 23 4 1 17 22 11 8
-12 -25 -11 -15 -62 -43 -4 57
-17 8 2 0 11 7 6 20
17 -11 -1 -3 0 -8 -17 33
0 -26 -8 -1 0 6 12 75
23 11 6 5 28 1 -6 4
0 -26 -5 7 2 41 18 12
4 -8 1 -4 -1 -23 -22 59
-17 7 -4 -11 -40 -12 -4 16
17 18 2 -4 12 -13 11 15
-55 -40 -3 3 -2 16 31 -79
18 5 -5 -8 -6 -20 25 -65
10 -1 2 4 18 -2 -8 -6
1 0 -2 -4 -1 -26 -17 24
6 8 4 -3 -12 5 -19 -33
-42 -16 -12 -11 -14 -20 12 15
9 5 0 3 27 -5 -26 -28
-21 -15 -6 3 9 35 -14 -88
34 55 3 -13 10 -54 2 13
5 -22 -1 -5 -24 -7 -18 52
30 68 9 11 33 34 30 41
12 -8 2 -2 -2 -8 2 15
-13 -22 -3 -10 -19 -30 -30 -52
-4 -7 -5 1 -1 19 18 117
10 -27 -4 -11 -1 -38 -23 -10
-40 12 0 2 13 -1 20 53
-13 -10 -1 -3 -44 -9 -11 -2
19 21 5 8 18 20 8 -20
2 -20 -3 5 2 14 -6 -2
35 6 6 4 23 16 -15 -9
-3 -24 -8 -8 -1 -20 7 -61
-6 49 3 1 4 -8 23 94
-19 -52 -12 -5 -8 -2 -19 -57
14 43 7 7 19 30 9 -5
-17 -21 1 0 8 5 7 -8
10 -17 1 0 -17 -27 -13 -38
1 39 1 5 8 5 -5 3
10 -18 2 -4 -14 -12 -23 -62
-18 6 -1 9 14 53 21 3
6 -2 -2 -8 -14 -28 -18 -34
-11 -7 0 -5 -16 -7 -11 -11
4 -11 -6 2 -1 -15 -5 -58
-3 5 0 -2 -1 -2 -5 47
-15 -26 -3 8 21 20 1 -18
14 31 9 6 -11 17 -13 -39
7 -12 0 -2 17 -8 19 51
27 14 2 -1 -14 -2 -12 3
-7 22 5 2 -6 16 -10 -20
-6 -31 -2 -1 20 -11 -8 -51
-21 -3 -6 -2 -10 5 25 31
31 -1 -1 -3 16 -3 8 29
-7 1 1 -2 -1 5 -29 -82
-27 -18 -4 2 -2 17 8 53
-10 -6 -1 -6 19 -15 -1 -23
-18 -22 -18 -35 -86 -78 -17 7
-4 -11 -2 -3 -8 4 5 1
4 18 4 8 17 44 17 6
-2 -15 -6 -14 -19 -41 -6 14
18 21 0 10 29 11 -4 31
-19 -17 -4 2 -7 25 8 -26
-14 18 0 -2 4 -12 10 25
4 -3 -2 -1 -38 13 -6 9
-2 -2 2 3 10 10 -16 -51
13 -4 -7 -7 -6 -15 -18 28
-9 33 3 -3 4 -16 1 61
28 -17 3 13 2 55 16 -37
-16 8 1 -2 6 -21 -5 -17
-4 -18 -4 -1 9 21 6 9
-4 -28 -4 -5 -81 -19 13 -51
-19 11 -3 0 7 2 15 117
-4 6 8 13 19 57 11 10
8 12 -2 -7 15 -21 -21 -73
-13 -21 1 1 14 2 16 19
-34 2 0 1 -1 -3 -18 -88
19 -15 -1 8 12 -3 16 87
4 31 5 -5 -1 -8 1 26
-21 -41 -8 -2 10 -10 15 -36
49 81 6 -9 -25 -50 -17 -51
9 0 2 1 17 -4 -13 19
-39 -40 -6 3 -1 0 14 20
64 55 8 12 35 43 2 28
9 -15 -5 -7 -23 -2 -24 -11
-3 -17 0 -4 -29 7 39 -59
19 25 4 -5 -9 -18 13 78
-5 -8 -1 4 13 12 -13 23
2 -8 1 8 33 16 -1 -62
-10 5 -2 -3 6 4 -17 17
1 -19 -2 7 -3 18 4 -7
-5 -19 -8 -7 -2 -26 3 1
4 -17 1 -3 -3 -2 13 54
-16 -1 -5 -6 1 -27 -35 -70
-18 3 4 7 -35 15 5 -40
-10 -28 -6 -5 11 -18 0 -47
16 40 5 -10 -31 -29 -3 93
-1 -4 -3 3 17 8 7 -47
19 3 5 4 16 11 -7 10
27 15 1 -4 15 -8 -16 -65
-34 -18 -3 -5 -23 -15 6 61
8 11 1 3 7 0 1 19
1 37 2 0 -7 1 10 19
31 12 -3 -14 -18 -32 -25 53
3 -38 1 9 28 30 39 -39
8 44 4 2 -1 -20 3 43
-9 -48 -5 -1 -18 12 -11 5
-28 5 -3 -5 -11 -18 -10 44
4 6 -3 0 7 -7 -22 -24
-19 -25 2 6 9 32 1 3
-9 19 -11 -14 10 -55 -15 44
-14 -3 -2 -6 -39 -8 1 0
6 23 5 5 18 13 -8 -39
-3 -22 -3 -2 -11 12 5 20
-4 33 2 1 31 6 -28 -79
-23 -47 -3 3 5 -2 12 -77
-1 42 -5 -6 -8 16 49 -28
-18 -8 6 9 6 32 15 20
32 -7 2 -2 6 -16 -8 66
5 7 -6 1 -9 -11 -1 -23
-14 -47 -2 3 -2 16 -11 106
3 17 0 3 10 19 -5 -32
9 -3 -1 -3 -15 1 3 -52
1 -11 -7 -9 -7 -1 -20 73
-29 1 0 1 10 -9 -14 -122
0 10 0 -18 -34 -41 -16 20
12 -15 -2 6 20 -3 18 19
-34 2 3 -1 -24 7 12 -36
15 -14 -8 -7 -1 -35 -14 20
-41 -55 -4 -1 12 10 16 -22
21 62 7 6 -8 22 -1 -43
13 9 8 11 6 8 0 17
-28 -19 -2 -9 -11 -21 2 -50
5 3 1 3 7 -12 -12 31
-22 -41 -13 -3 0 2 13 -8
-5 -11 4 10 24 35 6 -20
7 37 5 3 -8 4 5 21
19 4 -2 -6 8 -28 -19 -33
-21 -33 -1 -5 -25 -21 -17 -63
-1 50 -4 -5 -2 -23 -23 -36
32 37 -2 -7 -24 -12 -11 68
-2 -3 -5 -7 1 -19 -4 -23
4 -13 1 7 16 28 -4 -1
-39 12 -2 1 -4 34 -5 4
13 -4 3 5 21 15 -7 3
21 10 -4 4 12 21 -5 22
-1 3 -5 -14 -38 2 -13 54
-3 -38 -11 -12 -6 -24 -6 8
-2 31 5 3 3 13 -6 -68
1 4 2 -2 -17 -15 -16 -72
-5 -46 -8 3 27 15 -1 -58
-3 50 10 0 14 -12 27 15
17 -33 -8 4 -21 12 -4 121
2 30 7 3 22 10 28 11
-6 -7 4 2 18 6 20 55
23 -9 -4 -5 -49 -9 5 -63
27 -13 -1 6 7 -3 -57 -31
0 26 -7 2 0 -28 -15 77
-8 -20 -3 -2 3 -14 -3 -11
13 40 8 12 30 39 -1 7
-27 -25 0 -7 -4 -18 11 -28
-7 -14 -6 -11 -41 -17 6 -39
-20 -1 -2 -2 -5 -6 15 5
6 -29 2 2 15 -9 -4 15
-32 -1 -1 -1 -1 4 7 -75
16 14 -1 -2 -1 -3 1 55
-11 -3 -3 1 -6 -4 16 -5
10 -9 0 -4 -9 -11 -33 -73
46 39 -5 -7 1 -10 18 58
10 -11 5 3 -16 28 14 -3
2 34 0 -5 -24 -23 -2 5
7 -10 -1 7 16 25 -2 -24
-18 -5 3 -2 -12 0 10 50
-13 -31 -7 1 6 7 -8 -9
8 15 3 1 -4 9 4 -14
-2 -5 5 5 8 23 42 34
-32 -17 -8 -7 -7 -16 -9 -96
35 16 0 3 6 33 21 87
-16 3 2 1 3 3 -7 4
-5 21 -6 -11 -13 -37 -2 24
-8 -44 -3 9 18 34 14 -6
6 10 10 8 0 28 -3 3
6 -23 -4 -8 -2 -10 6 -29
18 5 2 2 1 24 28 107
-30 -1 4 2 3 7 -4 -10
-15 -21 -11 -2 2 18 -6 37
-4 -4 1 3 6 8 -7 -26
2 7 -3 1 8 -7 -21 -38
20 17 2 -10 -28 -46 -1 11
-10 6 3 0 7 -7 22 -51
5 -19 -2 6 6 13 -16 -44
15 36 1 0 -2 -25 -8 17
7 -16 -4 -2 4 -3 6 18
30 17 2 -2 -1 -13 -15 -12
-19 -24 -5 -2 -17 -14 -16 -33
18 -8 -1 -11 -2 -43 -18 54
-17 6 0 7 20 15 18 -18
-12 11 -1 -4 -19 -7 -5 7
9 -3 3 8 11 29 25 59
-20 -11 -2 -4 1 -10 12 -39
-13 -11 2 3 3 9 -3 25
-7 -1 -5 -14 -6 -40 -29 -20
-14 14 0 1 12 10 -2 14
19 -6 -8 -14 -16 -49 -11 42
4 4 0 -2 3 3 12 -14
-10 -4 0 8 20 34 10 -37
5 14 2 -4 -12 -25 -14 -4
-32 -12 2 0 -15 -4 -8 96
-21 -33 -10 -2 1 8 11 -81
11 9 2 -9 -3 -48 7 98
6 5 -8 -4 -7 -8 -9 55
9 -8 5 9 54 31 -10 -64
11 13 -7 -20 -80 -42 -9 15
-24 -22 -2 5 22 4 1 -14
-10 -9 -2 -11 -10 -17 12 -61
-2 10 0 1 -16 -8 -23 78
14 2 2 3 30 12 -46 -36
-11 -6 -6 -11 -42 -19 -26 -84
-30 6 3 17 23 77 49 -37
21 -54 -6 1 11 6 6 -101
21 92 11 0 -12 16 13 65
4 -3 -5 -2 -12 -1 35 10
0 18 4 1 9 -2 8 100
-33 -19 -3 1 -38 10 19 -11
-9 -79 -1 8 44 9 -9 38
4 46 -2 0 4 5 13 -27
23 19 5 -8 -17 -24 -60 23
-38 11 -4 -2 5 14 38 -120
9 -34 1 18 46 32 -14 -41
15 23 3 -7 -13 -21 -29 -58
32 -11 -9 -9 -12 16 26 62
-25 -35 -4 3 -10 -7 -28 -21
15 73 -7 -8 -12 -33 -70 15
-39 -46 -1 9 34 6 47 74
16 -12 4 7 7 -3 -9 -12
28 8 -5 -25 -22 -42 -37 118
-8 -25 -5 -3 -2 7 56 -12
12 -24 -1 2 -5 21 -42 -89
41 20 -7 -18 -16 -85 -52 -28
-17 23 2 0 -8 -24 1 -31
-13 -40 -2 7 4 10 18 1
-18 -23 -11 -17 -23 -41 -26 36
28 -2 6 11 11 31 20 -22
25 22 3 4 5 26 -28 29
-6 -8 -6 -9 -17 -30 11 -2
2 -11 4 10 10 18 6 41
-12 -3 2 1 -3 12 8 22
-24 7 0 -2 2 -12 13 71
-16 -6 0 0 9 21 14 23
17 -30 -1 2 -9 34 -6 25
-14 50 1 -11 -4 -34 -10 -8
-16 -42 2 11 10 51 9 -70
-2 5 -5 -8 -13 -9 37 -53
-6 23 9 16 31 35 9 -2
-28 -36 -9 -6 -8 -27 -17 -66
52 27 3 2 2 5 11 43
-39 6 7 12 21 45 36 -66
67 -13 -9 -7 -8 -38 -29 -12
-4 -15 -5 -1 3 7 24 -4
-31 33 -4 1 -2 -4 37 -2
15 -11 2 -8 -12 -39 -44 -35
18 -11 -6 1 4 10 1 80
-41 -4 -2 2 6 23 -2 -94
4 9 -1 -14 -11 -27 -6 7
16 14 -4 -4 1 -1 -13 25
-56 -4 -3 -2 -9 32 17 -42
27 24 4 -2 1 -16 -12 43
10 -12 -3 4 10 12 -8 -23
-2 1 1 4 -22 24 -13 38
11 13 1 -8 5 -28 -26 3
32 12 8 5 2 16 -20 -14
0 -12 -3 6 2 38 10 -43
-9 -13 -1 -1 11 -1 4 17
2 -16 0 1 -4 -19 28 1
-29 -12 -5 -2 -9 1 3 13
8 14 4 4 5 -29 1 -48
-39 -42 -5 8 21 43 4 37
-13 1 -4 -15 -15 -38 3 46
8 -19 -5 -3 -1 -3 19 20
14 16 1 -1 -2 -3 -25 4
1 -6 2 -1 5 -10 17 -20
-22 -15 -6 -5 1 -14 -18 -17
18 26 9 2 -12 1 -6 -38
-11 -35 -6 -2 13 3 -14 -90
48 56 4 -5 -15 -17 20 51
-7 4 0 8 -1 16 11 21
-19 2 -2 -3 3 -11 9 9
20 -22 -1 5 3 10 10 -16
-7 -2 -1 -9 -49 -12 -16 -8
22 25 -3 -16 -36 -45 -3 -13
3 -32 -2 0 8 -15 -2 -8
0 28 5 1 4 4 15 35
7 -11 -8 -3 12 3 3 -45
-47 22 0 0 -19 14 11 65
7 -6 -3 -6 -13 11 -9 -14
-12 -9 -5 -5 -16 11 -1 -8
-2 1 -1 1 0 -1 1 -2
-2 0 -2 -1 -2 -1 -1 0
-2 0 -2 -1 -1 -5 -2 -1
-1 0 0 -1 -3 -3 0 0
-3 -1 0 0 -3 1 0 -1
0 -1 -1 -1 0 1 1 0
0 0 -2 -1 -2 2 0 0
1 0 -1 -1 -1 -1 -1 -1
-1 -2 -1 -1 0 -3 1 -1
-2 -2 0 -3 -1 -3 -1 -1
-1 -1 0 0 0 1 1 -2
-2 0 -1 0 0 -1 0 -1
1 -1 0 0 -2 -2 -1 -1
-2 1 -1 -2 1 1 0 -1
-3 -1 -1 -1 -2 0 -1 -1
-1 -2 -3 -1 -1 -1 -1 -1
0 0 -1 0 0 -1 -3 -2
-46 -6 -1 0 -1 0 0 0
24 -2 -1 -3 -1 0 0 -1
2 1 -1 -1 0 -1 0 0
1 -2 1 -2 0 0 -2 0
4 1 0 -3 0 0 -1 -1
-14 -5 -1 -1 0 3 1 -1
-4 -2 -1 0 -1 -4 -4 -1
1 0 -1 -1 0 -5 -3 -1
6 -4 -1 1 -4 0 -1 -1
0 0 1 0 0 1 0 0
0 0 -2 -1 0 -1 -2 -1
0 -3 -2 -2 1 -2 1 -1
-1 -3 0 1 -1 1 2 -2
-1 -1 -2 -1 0 -5 -2 0
0 1 -1 -1 0 0 -1 0
-1 -1 -1 -2 -4 1 0 0
-1 -1 0 -1 0 2 -1 -1
-2 -1 -2 0 -1 -3 -1 -2
-1 -1 0 -1 -1 1 -1 -1
-3 -1 -2 0 -2 -2 -1 0
-2 -1 -3 -2 0 0 -1 0
0 -1 -1 -1 -1 0 2 -2
-2 -1 -1 -1 -3 -4 -1 -2
-1 -2 -1 -1 -1 0 0 0
1 0 0 0 -1 1 0 -3
0 -1 0 -3 1 -7 -4 0
-2 0 0 -1 -1 -1 1 -2
-1 -1 -1 0 1 0 -1 0
-2 -3 -1 -1 -2 -2 -2 -1
-1 0 0 0 -1 0 0 -2
-1 -1 -1 0 -1 0 -1 0
-2 0 -1 -1 -1 -2 -2 0
-1 0 -1 -2 0 -3 -1 0
-1 1 0 0 -2 1 -1 1
-1 0 -2 -1 0 0 0 0
0 -1 -1 1 1 0 -1 -1
-1 -2 -2 0 -1 1 0 0
-1 0 -1 -1 -1 -2 -1 -2
-1 -1 -2 -3 -1 -5 -3 -2
-1 1 -1 -2 -1 0 0 -1
0 -1 -2 -1 1 -1 -1 -1
-1 -1 1 0 -2 3 1 -2
0 -1 -1 1 -2 0 0 1
-1 -1 -1 -1 -1 -2 -2 -1
-2 -1 -2 -2 -2 -2 -3 1
-1 -2 -2 -2 0 -3 -2 0
-1 -1 0 -2 0 -1 0 -2
0 -1 0 -1 -2 -1 -1 0
0 -1 -2 1 0 -3 0 -1
-1 -1 -1 -2 -1 -1 0 -1
0 -1 1 0 -1 -3 -1 -1
-2 -1 0 0 1 0 -1 -1
-1 -1 1 -1 -2 -2 -2 -2
0 -1 -2 -1 -1 0 -1 -1
1 -2 0 -1 -1 -1 -1 0
-2 -2 -2 -1 -3 -1 -2 -1
-2 0 0 2 -2 -1 0 -1
-1 0 0 -1 -2 -3 -3 0
-1 -1 0 -1 -1 -2 1 0
1 -1 0 -1 -1 -2 -1 -1
0 -1 1 -1 1 -2 -2 -1
-2 -2 -2 2 -1 -1 0 -2
10 -9 -4 1 1 3 1 -2
24 14 1 -2 0 -3 -2 0
0 -2 -2 -2 -3 -3 -1 -1
6 -1 0 1 -1 0 0 1
-11 -3 -2 -1 -2 -2 -1 -1
-10 -7 -1 0 -1 2 0 0
4 -1 0 -2 -1 -1 0 -2
-7 -1 -2 -4 0 -1 -1 -1
-3 0 0 0 -1 -2 -1 -1
-4 -2 -1 0 -1 2 0 -2
-2 1 -1 -1 -1 -2 -3 -1
-3 -2 0 0 -2 -2 0 -1
0 1 0 -1 -1 -2 0 -1
0 -2 -1 -2 -1 0 -1 -1
-3 0 -1 -1 0 0 0 0
-1 -1 0 -2 -2 1 -1 -1
2 2 -3 -1 -1 -1 -1 0
-4 -1 -1 0 -2 0 -2 0
-3 0 -1 0 -2 -2 -1 0
1 1 1 -1 1 0 1 0
-3 1 -1 -3 -1 0 -1 -1
-3 -5 -1 -1 -1 -2 -1 -1
-1 -2 -3 0 -2 -1 -1 -2
3 -1 -2 0 1 -1 -1 -2
-2 -1 0 -2 -2 -2 0 -1
-4 -2 -2 -1 0 -5 -1 0
2 0 0 0 0 -1 -2 -1
-3 0 -1 0 -1 -3 -1 -1
-2 -1 -1 0 0 1 0 -1
-1 -1 -1 -1 0 0 0 -1
1 1 0 -3 0 -3 -1 1
-2 -3 -1 -1 -1 1 1 0
-1 -1 -1 0 0 0 0 1
-1 -1 -1 -2 0 0 1 -2
-3 -1 0 0 -1 1 -2 0
0 0 -1 -2 -2 -4 -2 -1
0 0 -1 1 -1 -1 -1 0
0 -1 -1 1 1 0 -1 0
-1 0 -1 -1 -3 0 1 -1
0 -1 -3 -2 1 -2 -1 -1
-1 -2 1 -1 1 -1 0 -1
-1 -1 -1 -1 0 -1 -1 -1
-1 -2 0 -1 -1 -1 1 -2
0 0 -2 -1 0 -1 -1 -2
-1 -1 -1 -2 -1 -1 -2 -1
-3 -1 -1 -2 -1 1 0 0
1 -2 0 0 -2 1 0 -1
-2 -2 -2 2 -2 -2 -4 -3
0 2 -2 0 0 0 0 1
0 -3 -2 -1 -2 -4 -2 -3
-3 -1 -1 -1 -2 3 2 -1
0 -1 -1 -1 -1 -1 -3 1
0 -1 -1 0 -1 -1 0 -2
-1 -1 0 1 0 0 -1 -2
-1 -2 0 -2 1 -2 0 0
0 0 0 1 0 1 -1 -1
-1 1 -1 -1 -1 -1 -2 0
-1 -2 -1 -1 -2 0 0 1
0 0 -2 1 -1 -3 -1 -1
0 -1 0 -1 -1 0 1 -1
1 0 -1 0 -2 -1 -2 -1
-3 -1 -2 -1 -2 1 0 0
0 -1 0 0 -2 -2 -1 0
-1 -1 0 -1 -4 -3 0 -1
-2 -3 0 -1 -2 -3 -2 -1
0 0 -1 -1 0 -1 0 -1
-1 -3 -1 -1 -1 -2 -1 -1
-1 1 0 0 0 2 -1 0
-1 -1 0 0 -2 2 -1 -1
-1 -1 -2 1 -2 0 -1 -1
-1 -1 0 -1 -2 -1 -2 -1
-1 -1 -1 -2 -2 2 0 -2
-1 -2 -1 0 -1 0 -1 0
-1 -2 -1 -1 0 -2 -2 0
-2 -2 -1 -1 -1 -1 -1 -1
-1 -1 -1 -2 0 -1 -2 -1
-1 0 -2 -3 -1 -1 -1 1
0 -1 -1 -1 0 -1 1 -2
0 -1 -1 -1 0 3 0 -1
-1 -2 -1 -2 -2 -3 -1 -1
-2 -2 -2 -2 0 -2 -1 -3
0 -2 -2 -1 -2 -1 -1 -1
-14 0 -2 0 1 0 0 0
24 -6 0 -1 -1 3 0 -2
16 10 -1 1 -2 -2 -1 0
-2 0 1 -1 -2 0 0 0
3 0 0 1 0 -3 -2 0
-14 -4 -1 0 0 1 0 0
-6 -5 -1 0 -2 -3 -2 0
5 1 0 0 -1 1 2 -1
-1 0 -2 -1 -1 -2 0 -1
-5 1 -2 0 0 -2 0 -1
-2 -3 0 0 -2 -1 -2 -1
-3 0 0 -1 0 -1 0 0
0 -1 -1 -1 -1 1 -1 -1
-1 1 -1 -1 -1 -2 -1 0
-2 0 -2 0 1 -1 0 0
-4 -2 0 -1 0 -3 -2 -2
2 -1 -1 -1 -1 -1 -2 -1
1 1 0 0 0 0 -1 -1
-3 -4 -1 -2 -1 -1 -1 0
-1 0 -1 1 0 1 -2 0
2 0 -1 0 0 0 -1 -1
-5 1 -1 -3 -1 -6 -2 0
-6 -1 -2 0 0 3 2 0
-2 -2 -1 -1 0 -2 1 -2
2 -1 0 0 0 -1 0 -1
-3 -2 1 0 0 1 0 0
-1 -1 1 0 -1 0 -2 0
2 -1 -2 -1 -1 -4 -2 -1
-1 1 0 -2 -2 0 0 -1
0 -1 -1 1 -1 -1 -1 -1
-1 -3 -2 -2 -1 1 1 -1
-2 1 0 -1 -1 -2 -1 0
1 -3 1 -1 -2 -1 0 -1
-3 0 -1 0 -1 0 -1 0
0 1 -1 0 0 -3 0 -1
-2 -2 -1 -1 -2 0 1 0
0 -1 -2 -1 -1 -3 -1 -2
-1 -1 -3 -1 -1 0 -3 1
-1 -1 0 1 0 2 -1 -1
1 -2 0 -2 -1 -3 -3 -2
0 -1 -3 -1 0 -2 -2 -2
-3 1 -2 -2 -2 0 -1 0
-2 -1 -2 -1 -1 -1 0 -1
0 1 1 -2 -1 0 -2 -1
0 -1 1 0 -1 -3 -1 0
-1 -2 1 0 0 2 1 -1
-2 0 -1 -1 -3 -4 -2 -1
1 0 0 -2 0 -1 -1 0
0 -2 -2 -1 0 1 -3 0
1 0 1 1 -1 2 1 -1
0 -1 -1 0 -1 -5 -2 -1
-2 -1 -2 0 -1 0 -1 0
-3 0 -1 -4 -3 -2 -1 -1
-2 -1 0 1 0 0 0 -1
-1 0 0 -1 -2 1 0 0
-2 -1 -2 0 -2 -2 1 -2
0 -1 -1 0 -1 -1 -1 -2
0 0 -1 -3 0 -3 -1 -2
0 -2 -2 -2 0 -1 0 -2
-3 -3 -1 -1 -1 1 0 0
0 2 -2 0 0 2 -1 -1
-1 -3 0 0 -1 -1 -2 -1
1 -1 -1 -1 0 -1 -1 -1
-1 -2 -1 0 -1 -1 -1 -2
0 0 0 0 1 2 0 -1
0 -2 -1 -1 -1 -4 -2 1
-1 -1 0 -2 0 1 -1 -1
-2 -2 -2 -2 -1 -2 -2 -1
-2 0 -1 -1 -3 -1 -1 -1
-1 0 -3 -1 -1 -3 -2 -2
-2 -1 1 1 -1 -1 -1 -2
-1 0 -1 -1 -1 -1 0 -1
-1 -1 0 -1 -3 -1 -2 -1
1 0 -1 -1 -1 -2 0 0
-1 -1 -2 -2 -1 -4 -2 1
1 -2 0 0 -3 -1 -1 0
0 -1 0 -1 -1 1 -1 -1
-1 0 -1 -2 -1 0 1 -2
-2 -2 -1 -2 0 0 -1 0
-1 0 -1 -2 0 0 -2 -2
-2 -1 -1 -1 -1 -1 1 0
-1 1 -2 0 -1 0 0 -1
1 1 1 -1 -1 -2 1 0
-1 -1 -2 -1 -3 0 0 0
0 -1 -1 -1 0 -2 -1 -2
0 -1 -1 -1 0 2 1 0
0 -1 -1 -3 -3 1 -1 -1
-1 -1 -1 -1 0 1 0 -2
-1 -1 -1 0 -1 -3 -1 -1
-1 0 1 -1 0 -1 -3 -2
-1 -1 -2 0 -2 -5 -2 -1
-3 -1 -3 0 2 -1 0 -1
0 0 -1 -2 -1 1 2 0
0 -1 -2 0 -2 0 -1 0
-2 0 -3 -1 -2 2 1 -1
-3 -1 0 -3 -2 -3 -3 0
-3 0 -2 -2 -1 -1 0 1
-2 -2 -2 -2 0 -2 -2 -2
-1 -2 -1 -1 2 0 1 -2
0 -1 -2 -1 0 -4 -1 -2
-2 -2 -1 -1 -1 0 -1 0
0 -1 1 -1 -2 -3 -2 0
-2 -2 0 1 -2 0 -1 0
1 1 0 -1 -4 -1 -1 -1
-1 0 -1 0 1 -4 -2 -2
-1 -1 -2 -1 -2 1 -1 -1
0 -1 1 -1 -2 0 -1 -1
2 1 0 1 0 1 0 0
-1 -1 1 0 -1 0 -1 0
-1 0 -1 -1 -1 3 0 -1
-1 -2 -1 -1 -1 -1 0 -1
-1 0 -2 -2 -1 -1 -1 -1
0 -2 0 -2 -1 -2 0 0
1 -1 -2 -1 0 -2 0 -2
-1 0 1 0 -1 1 -1 0
0 0 -1 -1 2 -1 -1 -2
-2 0 1 -2 0 -2 0 -1
-3 -2 -1 0 -2 -4 -1 -2
-4 -1 -1 1 -1 -2 1 -2
-1 -2 0 1 -3 -2 -1 0
0 -1 0 2 -1 6 1 -1
-2 -2 -4 -1 -4 -8 -2 0
-1 -1 -2 0 0 0 -1 -1
0 1 0 -1 0 2 0 -2
-1 -1 -1 -2 -1 -1 -1 -1
0 0 1 -3 1 1 0 -2
-1 -1 -2 -1 0 1 0 -1
-2 -2 -1 -1 -1 -1 -1 -1
0 -1 -1 0 -1 -1 -1 -1
0 -3 -1 -2 0 1 -1 -2
-1 -1 -1 -1 -1 -2 -1 0
-2 -2 -1 -1 -1 1 -1 0
0 -1 -2 -1 -3 -5 -2 0
0 0 -1 -1 -2 0 -1 -1
-2 -2 0 0 -2 -1 -1 -2
0 -1 -1 -2 -2 -1 1 1
-1 -2 -2 1 -1 1 -1 -2
0 0 -1 -2 -1 1 0 0
-2 -1 -1 -1 1 -1 -2 -2
1 -1 -1 -1 -1 0 -1 -2
-1 -2 -2 -2 -4 2 0 0
0 0 0 0 0 -1 1 -1
0 0 0 -1 -1 -1 -1 0
-2 1 -3 0 3 0 -1 -2
-1 1 -2 0 -1 -1 -2 -1
-2 0 0 0 -2 -1 -1 -1
-1 0 0 -1 -2 0 -2 1
-1 -1 0 -1 -1 -3 -3 -2
0 -1 -1 -1 1 -4 0 -1
0 -1 -2 -1 -1 0 -1 1
-1 0 -1 -2 0 -2 0 -1
-1 -1 -2 -4 -2 -2 -1 0
-2 -3 0 -3 0 -4 -4 -2
-1 -3 1 0 -1 0 0 0
-1 -1 -2 0 -1 0 0 -1
-1 -2 0 0 -2 -1 0 0
-1 -1 -1 -1 -1 -2 -2 -2
1 -1 -1 0 0 2 0 0
-1 -1 -1 -1 -1 1 0 -1
1 -2 0 -1 -1 -2 -2 0
-1 0 -1 -2 -1 0 0 -2
-1 0 -2 0 0 -1 -2 -2
-1 -2 -2 -2 -1 -1 -2 -1
-2 -1 0 0 -1 0 0 1
0 -1 0 0 -3 -1 0 0
-1 -1 -1 -2 -1 -2 -1 0
-2 1 -1 0 -1 2 3 0
-1 -2 -2 0 -2 -1 -1 -2
-2 -1 -1 -2 -1 -2 -1 1
0 0 -2 -1 -3 -1 -1 -1
2 0 0 -1 -1 -4 -3 0
-1 0 -1 -2 0 -3 -3 -2
0 0 -1 1 0 -1 0 -2
-1 0 -2 0 -2 -2 0 -1
0 -1 -1 0 0 1 -1 -1
-1 0 0 0 -1 -1 0 1
0 -2 0 -1 -1 -1 -3 0
0 0 -1 -1 1 2 1 -1
0 -2 -1 -1 -2 -7 -4 -3
0 0 1 -1 -1 1 1 -1
1 -1 -3 -1 -1 0 0 -2
-2 -1 1 -1 -2 0 -1 0
0 -2 -2 -2 0 -3 -1 0
-1 -1 -1 -1 -1 0 1 -2
0 -1 0 -1 -1 -2 0 0
-2 -2 -1 -1 -3 -4 -1 0
0 -3 -2 -1 -1 0 0 -2
-1 -1 0 -1 -2 0 -2 -1
0 -2 -1 -3 -1 -1 -1 -1
-3 -1 1 0 1 0 -1 -1
0 0 1 1 -1 0 0 1
-2 -1 -2 -1 -3 -1 0 -1
-1 -1 -2 -1 -2 0 0 -1
0 -2 -2 0 0 -2 -1 -1
-1 -1 0 -1 -3 1 0 0
-1 1 -1 -1 -1 0 -1 -1
-1 1 -1 0 -2 -3 -2 -1
0 0 -1 -1 0 3 0 -2
-1 0 -1 -1 0 -2 0 -2
-1 -1 0 0 0 -1 1 0
-2 -1 0 -1 -2 1 -1 -1
2 -1 -1 -2 -1 -2 -1 -2
-1 -2 0 -2 0 1 -1 -2
-1 -1 -1 -2 -1 0 0 -2
-2 0 -1 -1 3 1 1 -1
0 -1 -3 -1 -3 -3 -2 1
0 -2 -1 -1 -1 -1 -2 0
-1 -1 -3 0 0 -2 -1 -1
0 -2 -1 0 0 -2 -1 -1
-2 -1 -1 -2 -2 -1 -1 -1
-1 -1 -1 -1 1 3 3 0
-1 -1 -1 0 -2 -4 -2 0
-1 1 0 -1 -1 0 -1 1
-1 0 -1 -1 0 0 1 -1
0 -1 -1 0 -1 -1 -1 1
-1 -2 -2 0 -1 -1 -1 -1
1 -3 0 -2 -1 -5 -3 -1
0 -3 0 -1 -1 -1 -1 -1
0 0 -1 -1 1 2 -1 -1
-1 1 -1 -1 0 -5 -3 -2
-2 1 1 0 0 -1 0 -1
-1 0 -2 -2 0 0 -1 -2
-3 -1 -1 1 -3 1 -1 -2
1 -1 -1 -1 -1 -1 0 -1
-2 1 -2 0 -5 -2 -2 -1
1 -1 0 0 0 -1 -2 0
-1 -1 -2 0 -3 -1 -1 -1
0 -1 -1 -2 0 -1 -2 0
-1 -2 -1 0 -2 1 0 0
-3 -1 -1 -2 0 -2 -2 -3
-1 0 -2 -1 -1 -7 -4 -1
-1 0 0 3 0 3 1 -1
0 -1 -3 -2 -2 -3 0 -1
-1 -3 -1 0 -2 0 0 1
-2 0 0 -1 1 0 -1 -1
0 -1 -1 -2 -1 -1 -2 -2
0 -2 -1 -2 0 3 -1 0
-1 -2 -1 -2 0 -2 -2 -1
-2 2 0 0 -2 -1 -1 -1
-1 -2 -2 -1 0 1 0 0
-3 0 1 -1 -1 -1 -1 0
0 0 -2 0 -1 2 0 -2
1 0 -1 -2 -1 -3 -1 -1
-1 -1 -1 -1 -1 3 -1 1
0 -1 -1 0 -1 -1 -1 -1
-1 -2 -1 0 -1 -1 0 1
-3 0 -1 -1 -1 -2 -1 0
-1 -1 -2 1 -1 2 0 -1
0 -1 -2 -2 -1 -4 0 -3
-1 0 0 0 -1 -2 0 -1
2 -3 -1 -2 1 0 -1 -1
-1 -1 0 -1 -1 0 1 -1
-2 -1 -1 -2 0 -1 -2 -1
1 2 0 -1 -1 -1 -2 -2
-1 -1 -1 -1 -2 -1 0 -1
0 -2 -1 0 -1 -2 -3 -1
0 0 -1 1 1 -3 -1 -1
-1 0 -1 -2 0 -2 -1 0
0 -2 1 -1 -1 0 0 -1
1 1 -1 -2 -2 -2 -2 -1
-1 0 -2 -1 -2 1 1 -1
-1 -2 -1 1 0 1 2 -1
-2 -1 -3 -2 -3 -4 -2 -1
0 0 -1 -1 -1 -1 -1 -2
-2 -2 -1 0 0 1 -3 -2
-1 -2 0 0 -2 0 -1 1
-1 0 -1 -1 -2 -1 0 0
-2 0 -1 0 -3 -1 0 0
0 -1 -1 0 0 2 -1 0
-1 0 0 0 0 -9 -5 -2
-1 -3 1 -1 -1 1 0 -1
0 -2 -1 -2 0 -2 -1 0
-1 -1 -1 0 -2 -2 0 -1
-1 -1 -2 0 -1 2 -1 -1
1 0 0 1 -1 -1 -1 0
-2 -2 0 -1 -1 -2 -1 -2
-1 -2 0 -2 -2 1 0 -1
1 -1 0 -2 0 1 0 0
1 -2 -2 -1 -3 -2 -3 -2
1 -1 -1 1 -1 1 2 0
-2 -1 -2 0 -1 0 1 -2
-2 0 -1 0 -1 -3 -1 1
0 -1 -1 -2 2 0 1 0
-2 0 -1 -1 -1 -2 0 -2
1 0 0 0 -1 -1 -1 -1
-1 0 1 -1 -1 2 0 0
-2 -1 -1 -2 -1 -1 -1 0
-1 -2 -1 -2 0 -2 -1 0
0 -2 -2 -1 -2 -3 0 1
1 -3 -1 0 -1 1 -1 -2
0 0 0 2 1 -1 -2 -1
1 0 -1 0 0 0 -1 -2
-1 -2 0 1 0 1 0 0
0 -1 -2 -2 -1 1 -2 0
-1 0 0 -2 -1 1 -1 -2
-2 1 -1 1 -1 -2 -1 0
-1 0 0 -2 -2 -2 -1 0
0 0 -1 -1 0 0 0 -1
-1 -1 0 -2 0 -1 -1 -2
-2 -1 -1 -1 0 0 -1 -1
-3 -2 -1 -1 -2 -1 -3 1
-1 -1 -1 -1 -2 -2 -1 -1
0 0 -1 -1 -1 0 -1 -2
1 -1 0 -1 -1 -4 -1 0
-1 0 -1 -1 -1 -3 -1 -2
-1 -2 0 -2 -1 -1 0 -2
0 -2 -2 -2 -1 -3 -2 -1
-1 0 0 0 1 3 1 -2
-1 -1 -2 -1 0 -1 -1 0
0 1 -2 0 -1 1 -2 -1
-2 -1 -2 -1 1 0 1 0
1 -1 -1 -1 -2 4 1 0
1 -1 -1 -2 -2 0 -4 -1
-1 -2 -1 -1 -1 0 1 0
-1 -1 -2 0 -3 0 -1 -1
0 -2 -1 -1 -1 -3 -1 0
-1 0 0 -1 0 0 1 -2
0 1 -2 -2 0 -2 -3 -1
-1 -1 0 1 0 -1 -2 -1
-2 -1 -1 -1 0 -2 -2 0
0 -1 0 0 0 -1 -1 -1
-1 -1 0 0 0 2 -1 -1
-2 0 1 0 -2 0 0 0
0 -2 1 0 -1 -5 -3 -2
-1 -2 -1 0 0 -1 -1 -1
-2 0 0 0 -1 -1 -1 -2
-1 0 0 0 -2 -1 -1 -2
-1 -1 -1 -2 0 0 0 -2
-2 -1 0 0 -1 -3 -1 -2
-2 -1 0 -1 0 -2 0 -3
0 -1 -2 -2 -2 -3 -2 0
-1 -2 -2 1 -1 -1 0 0
0 -1 -2 0 -1 -1 -1 0
-2 -2 -1 -1 0 0 -2 0
-1 0 -2 -1 -2 -2 0 0
-1 0 -1 -2 -1 -2 -2 0
0 0 -1 -2 -3 0 -1 -1
0 0 0 -1 -1 0 1 0
-1 0 0 0 1 0 -2 -3
