3 -1 -2 -1 2 -4 0 0
-4 -1 -2 -2 -1 -4 -2 -1
-3 -1 -1 -1 -1 -4 -1 -2
-13 -7 -4 -1 -3 -3 -3 -4
12 8 2 0 1 -4 1 1
12 5 -2 -2 -1 -11 -10 -3
2 -1 -1 -1 -1 5 7 1
-3 -2 0 -2 0 1 -11 -6
-9 -8 -1 -2 -2 -9 -4 -1
4 -3 -1 -1 5 6 -3 -2
-5 4 1 -2 -9 -10 4 3
6 1 2 0 5 -6 -22 -4
-5 -6 -2 0 1 3 9 1
-34 -4 -2 -1 -1 2 6 28
23 5 2 0 6 -11 11 -27
9 3 2 2 1 11 1 11
9 -4 -3 -3 -1 1 -7 -21
-34 -12 -2 1 -1 14 -8 5
26 11 -1 -1 3 -1 11 22
16 14 4 -1 -3 9 4 1
25 4 1 1 0 10 7 10
10 -5 -1 -1 -2 7 -7 -28
-24 -23 -3 -3 0 -16 8 12
80 49 11 8 19 -5 -4 22
17 -1 -4 -4 -8 -2 -2 6
-4 0 1 -2 -13 15 -3 -1
14 1 -1 -1 8 1 -2 -2
-28 -13 -3 -2 -5 4 0 -18
-4 -5 2 2 4 3 0 21
12 7 -1 -3 1 -13 2 -4
-25 -5 -3 -1 -5 -1 -4 -6
-16 -8 -4 -7 -1 -14 1 -5
4 5 1 1 -1 3 -3 -13
-1 -8 0 3 0 6 11 10
-26 3 -1 -4 -2 -9 -22 -10
28 -1 -2 -2 -7 -6 15 12
-8 -5 -2 -3 0 -20 -5 -8
2 0 0 0 0 3 1 2
11 4 2 1 10 -1 3 -2
-11 -6 0 -1 -1 -10 2 0
-11 -2 -2 -1 -17 19 -4 0
0 -5 -2 -6 -9 5 0 -3
11 9 2 5 9 -11 1 3
-20 -11 -5 -4 -3 -7 -3 -8
7 1 1 1 -1 0 -8 9
-8 0 -1 2 2 -3 10 -4
11 0 -2 -4 -14 4 2 1
-9 -7 -1 -1 -3 7 -6 11
-4 1 0 0 3 -18 -7 -26
-1 -2 -2 0 2 8 -8 0
5 1 1 0 -4 2 14 7
-4 -2 -1 -2 -3 1 -34 -8
-1 -1 -1 0 8 6 8 4
-3 -1 -1 0 -3 0 -6 -1
7 1 0 -1 -3 15 -1 -2
-9 -2 -2 -3 -13 -6 -2 -8
0 -2 -4 -3 1 12 15 10
2 3 2 3 2 -30 -35 -17
-2 -4 -4 -2 -4 50 34 54
-7 -3 -2 -1 7 -14 -18 -35
-3 0 1 -2 -1 -8 -2 -1
0 -3 0 1 0 8 12 7
4 1 -1 -3 6 -7 -28 -12
1 -1 1 0 0 9 4 9
-1 -2 -2 -1 -5 -3 8 1
-8 -2 -4 -4 -5 -9 -8 0
3 2 -1 1 -5 -14 -8 -7
-2 -2 -1 1 -1 5 13 9
-3 1 -2 -3 -4 -2 -9 -16
1 1 1 -1 1 -12 6 9
-2 -2 0 3 13 -2 -3 -15
-2 -2 -1 0 -4 -8 -9 8
3 -2 0 1 17 22 13 21
-3 -2 -1 -4 0 -6 0 -15
0 -1 -1 0 -4 -13 0 -4
-3 -2 0 -2 6 0 1 -5
0 0 0 -3 -4 2 -3 8
-1 -1 -1 0 6 -4 11 7
2 -2 0 -3 0 -15 -29 -20
-1 -1 0 -2 -9 1 16 9
-5 -2 -2 1 0 12 -10 -16
4 -1 -3 -1 0 1 4 16
-1 0 2 -2 -6 -23 1 -5
-3 -3 -2 1 5 11 0 1
-1 0 -2 -2 -1 -10 -2 -3
-2 1 -2 -2 -9 -3 -2 -6
2 -1 -1 0 2 2 3 3
-3 1 -2 -3 -2 -5 -2 1
1 -1 -3 -1 -4 -9 1 -6
-1 -2 -1 0 7 9 2 3
0 -1 -1 -2 -6 -6 -7 -3
-2 -2 -1 1 0 3 6 -5
0 0 0 -1 -1 -11 -2 1
-2 1 1 -1 2 3 -7 -4
-1 -2 -2 -2 -2 4 5 -1
-1 -1 -1 0 1 -1 1 2
1 -1 0 0 13 -26 -1 6
1 -3 1 -2 -25 13 3 -11
0 0 -1 0 0 -6 10 3
0 0 -2 -2 0 -6 2 3
-2 -1 0 -1 -1 -8 3 -4
2 -1 0 0 4 -5 -1 7
-1 1 -2 -2 -2 -6 1 0
-2 -2 1 -2 -2 -4 -2 -6
0 -1 0 0 -6 4 -2 6
-1 0 -3 0 4 -9 -3 -3
-1 -1 -1 0 -7 -1 -3 -12
1 -2 1 -2 -4 -10 14 17
-2 -1 0 -1 7 7 -11 -6
-1 -3 -3 -2 2 -1 -3 -1
0 0 0 0 1 -11 0 -8
-1 0 -1 1 -2 -4 3 0
0 -1 0 -1 -3 -1 1 -3
-1 -2 0 0 1 -9 -3 -3
-1 -1 0 -2 -2 -2 5 7
-1 0 0 0 3 -2 -19 -8
-2 -2 0 -2 -13 -7 -1 1
4 -1 1 0 11 1 -5 29
-12 -4 -2 -1 -4 -14 -6 -58
0 -1 -1 0 -1 4 -2 4
-1 0 -1 -2 -3 -6 0 1
-1 -1 -1 -2 -3 -8 0 -3
2 -1 -1 0 2 3 0 17
-1 -3 0 -1 0 -3 -2 -5
-2 -1 -2 -2 -2 0 -1 -11
-3 1 0 -2 3 -6 -2 1
3 1 -2 -2 -4 -3 18 8
-4 -3 -3 -2 -5 9 -21 -5
3 -2 1 2 3 3 6 17
-3 -1 -3 -2 -1 -3 1 -12
0 -2 -1 0 -3 5 -1 9
0 -1 -1 -2 -5 -4 6 -5
-1 -2 0 -2 0 1 -3 -4
0 0 2 0 -2 -1 -1 -5
-1 -1 0 -1 -2 6 0 1
1 -1 -1 0 2 5 1 14
-5 -1 -1 -1 -3 -4 -7 -33
-2 0 -1 -2 -3 15 0 -4
4 0 0 -1 0 1 -6 12
-1 0 0 -2 3 -2 2 -4
0 -2 -2 -1 -3 2 0 6
-2 -1 1 1 -2 -4 2 -4
-1 -2 -1 0 1 -3 -6 0
0 0 -3 -1 -1 2 -2 2
0 -1 -2 -2 -3 -2 3 0
1 -1 -1 2 18 8 6 -3
-1 0 0 0 -6 2 -19 2
-2 0 2 -1 2 -3 2 -7
-3 0 0 -1 -1 -5 3 14
-3 -2 -1 -1 0 -2 1 -2
2 -2 -2 0 2 -6 1 3
0 -2 0 -1 -3 -4 2 -4
0 0 -1 -2 -1 1 -5 -5
-1 -1 -1 -2 -5 -7 -3 1
-1 0 -1 -2 1 -5 3 1
4 1 1 -2 -5 -8 -3 -4
-3 -1 -3 0 -4 0 1 3
2 1 1 3 7 -3 -2 7
-2 0 -2 -1 -5 -4 13 -4
-1 -1 -1 -1 5 -13 -10 -6
1 -1 -1 -1 -4 -1 -1 -2
0 -2 -4 -3 -7 -4 -2 0
0 -1 -1 -1 1 -3 -3 0
-4 -1 0 -1 -1 0 2 0
1 0 -1 0 0 -2 2 0
-3 -1 -1 0 3 -4 -3 -5
0 -2 -1 -1 0 1 11 4
-3 -2 -3 -2 -2 9 0 0
2 0 0 -2 0 -5 -2 0
-1 -1 -2 -2 -4 -6 -3 -14
0 -1 1 1 1 -7 6 14
0 -2 0 0 0 -1 3 1
-3 -1 0 0 2 4 -4 -2
1 -1 -1 -1 -5 -7 5 3
2 0 -1 -1 1 -2 -9 17
-3 0 -3 1 -1 2 -7 -32
2 -4 -1 0 2 -4 15 27
-3 3 0 0 -7 -11 -17 -10
-5 -1 -1 -2 -3 4 5 6
-1 -1 0 1 0 -7 -15 -4
1 1 -2 0 1 0 -2 -6
-2 -1 1 -1 -3 -1 1 -1
-2 0 -3 -2 -2 0 -11 -15
0 0 0 0 -2 -6 9 16
-3 -1 -1 1 -1 -2 0 -13
0 2 1 0 -3 -10 -1 3
-3 0 -1 -1 1 -3 -5 -17
-1 -3 -1 -1 0 -2 7 6
-1 0 -2 -2 -1 -6 -4 5
-1 -1 -2 0 -1 -1 3 -3
1 0 1 -1 4 -2 -2 -1
0 1 -2 -3 -9 -3 0 2
1 -2 -2 -3 -3 -10 -7 -2
-7 -2 -2 -1 1 7 12 1
1 0 1 -2 -3 -4 -3 -1
-1 0 -1 -2 0 -3 0 -3
3 2 0 -1 -1 2 -2 0
3 -3 -1 -2 -2 -3 0 -1
1 0 -2 -1 -1 2 -1 4
-1 -3 -1 0 2 -4 -14 -3
-2 1 0 2 -3 -4 6 -4
1 0 -1 0 2 0 -14 0
-3 -1 0 -1 -2 -8 -4 -12
3 0 -1 0 -4 1 3 3
-8 -1 -1 -2 -3 -2 0 -3
-4 -1 0 -2 -1 -8 -2 -4
-1 -4 0 -1 -1 0 -1 1
3 3 -1 0 1 1 3 30
-4 -2 0 -1 -1 -2 2 -40
0 -1 0 -1 -1 5 15 3
1 1 -1 0 -1 -3 -6 2
1 -2 -1 3 6 0 4 16
-2 -1 -1 -1 1 6 -6 0
3 1 -1 -2 -2 -2 4 0
-2 0 -1 -1 -3 -7 -7 -5
-2 -2 0 -1 -2 0 6 -12
3 0 -1 1 -1 -1 -7 3
2 -2 -2 0 -1 -5 3 -1
-3 -1 -1 1 0 0 2 5
-2 -1 -1 -2 -3 -2 -3 -8
-1 -2 -1 0 0 -2 -1 -1
1 0 -1 -2 -1 -7 -3 15
0 0 -1 -1 0 -6 -3 -7
-1 -1 -1 0 1 -14 -1 3
-6 -2 -1 -2 -4 1 -1 -20
-2 -4 -3 -2 -1 -6 -9 -8
1 0 0 -1 -5 -4 4 5
-2 -1 -1 -2 -1 -2 3 -4
2 1 -2 -3 -2 2 -6 8
-1 -1 -1 0 -2 -1 -6 -2
-4 -4 -1 -2 -2 -5 2 -11
-3 0 -1 -1 -2 -2 -1 -4
6 -1 -2 0 -1 -1 9 11
-4 -2 -1 -3 -8 -2 0 -4
2 0 1 0 5 -8 4 -2
-1 0 0 0 1 0 3 -6
-1 1 -1 -1 -1 -7 4 2
1 -2 -1 1 -1 4 -3 10
-2 -2 -2 0 -2 -4 -4 -2
-1 -2 -2 -3 0 1 1 -1
-1 -1 0 0 -2 -10 -4 -4
2 0 0 1 1 9 -2 10
-5 -1 -3 -2 -5 -7 -3 -26
-2 -1 -1 -1 1 3 -3 -3
-1 -2 0 -3 -3 2 -3 10
-3 -1 -1 0 1 -5 -4 -5
1 -2 -2 -1 -2 -1 2 12
-1 0 -4 -2 -2 -1 0 -5
2 -3 -1 1 -1 0 -4 -4
-1 0 -1 -1 0 -1 10 12
-2 -1 -2 -1 -1 -9 -27 -15
2 -1 0 2 0 1 1 5
-1 -1 -2 -2 -5 -3 -3 8
0 0 -2 -3 2 -1 -3 -11
-1 -1 1 0 0 -2 4 5
-2 0 -1 -1 -1 1 -2 -3
-2 1 0 1 1 -5 -6 -1
-2 -3 -2 0 -2 -3 -1 -8
0 1 0 0 -1 -4 2 7
-2 -1 -1 0 -1 1 -5 -5
1 0 -1 0 1 -12 5 3
0 -1 -1 0 -2 0 0 4
1 -1 0 0 2 5 4 4
-5 -1 0 -1 1 1 -2 -2
-4 -1 2 2 2 -7 -2 -1
-1 -1 -2 -1 -1 -8 -5 -10
1 -3 -3 -2 -2 1 7 11
0 0 -1 0 0 -10 -11 -7
-4 0 0 -4 -4 2 -1 -6
1 0 0 -1 0 -5 11 5
-5 -3 -2 0 0 -5 -7 -9
1 0 -1 0 -1 -5 9 0
-1 0 -2 -1 2 13 -4 0
-1 -1 0 -1 -1 0 -4 1
0 2 -1 0 -3 -2 1 1
-1 -4 -1 -1 -4 -1 -1 -1
0 -2 -1 -3 -1 7 3 2
0 -3 -1 -1 0 -5 -5 -6
-3 -2 -1 -1 -2 4 -5 7
3 2 0 0 -1 10 11 -5
0 -2 -1 -1 -1 -2 -1 3
-4 -2 1 0 1 3 -3 -8
3 0 -1 -1 -2 1 3 3
0 -3 0 0 -1 -3 0 10
1 -2 -2 -1 0 4 -3 -5
1 0 0 -2 -1 2 -2 -1
-1 0 0 -2 0 -3 2 -4
-3 -1 -1 -1 -1 2 -5 -4
-1 -1 2 1 0 -3 4 4
3 0 0 -1 0 -3 0 5
-4 -1 0 0 4 0 -13 -5
-3 -2 0 1 0 -6 -2 0
3 1 -2 0 -2 -4 -6 -4
-1 -1 -1 0 -2 -3 12 10
1 0 -2 -1 -1 -4 1 2
-1 -2 -2 -1 -2 -8 -1 -4
-2 -1 0 0 1 0 -1 3
-2 -1 -1 0 -2 0 -1 -4
-2 -3 -3 -2 -3 2 5 -2
-1 1 0 -1 0 -6 -7 -15
3 0 0 1 0 -3 12 13
0 1 -2 -1 -1 -7 -24 -12
1 1 -1 -2 -2 2 1 10
1 -2 -2 -2 -2 -3 4 -22
-3 1 0 0 1 -10 7 25
-5 -2 -2 0 0 -1 -11 -12
7 2 1 1 -1 -4 -1 12
-1 -1 -1 0 -3 -4 8 3
1 0 -3 -1 0 -4 -1 -10
-1 0 0 -2 -2 5 3 2
-7 -2 -2 0 0 -12 -3 -17
-2 0 -1 -1 1 -1 0 13
-2 -3 -1 0 -1 -8 -9 -14
1 1 0 -1 -2 -4 0 6
0 -2 -1 0 -1 -4 -1 -9
-1 -1 1 -2 -2 -3 -3 -1
-2 -2 -1 0 0 0 -5 0
0 1 0 -3 0 -3 3 -5
7 -4 0 -1 -1 2 15 23
-6 2 -1 -3 -2 -5 -4 -28
-3 -2 2 -1 0 -1 -4 -5
-2 -2 -2 -1 -5 -3 1 1
-1 -2 -2 -1 -1 -1 5 -1
0 -2 -1 -2 -2 -4 -4 13
-2 0 -1 0 1 13 -4 -13
0 -1 -2 -1 3 4 6 5
-3 0 0 -2 0 -6 -6 -4
1 -3 -2 0 -6 0 -4 7
-4 -1 -2 -2 0 -9 4 -9
2 1 0 1 0 -7 -7 -6
-1 0 0 0 1 2 6 0
0 0 -3 -4 0 -1 -2 2
-1 1 -1 -1 -1 -4 4 0
0 -1 0 -1 0 -3 1 0
-4 0 0 -3 -4 -7 -19 -11
1 1 0 -1 2 -2 3 3
1 -2 -2 -1 -1 -2 -4 3
-2 -1 -3 -1 0 -10 -2 -3
-2 0 -1 -1 -1 -3 -1 -5
-2 -3 1 0 -1 1 -3 3
-1 -2 0 -2 -1 -17 2 10
4 2 -1 0 -1 2 -16 9
-9 -2 -2 -3 -2 -6 10 -19
-2 -2 0 0 2 1 -3 4
0 0 -1 -2 -2 -4 0 -6
-1 -1 0 -1 -3 -4 6 5
3 1 -2 -1 3 6 0 5
0 -1 -1 -1 -1 1 -3 -2
-3 0 -2 -2 -6 -3 -4 -5
-3 -3 -1 -2 -1 -4 9 0
0 -1 1 1 -1 2 -12 -4
0 -1 1 1 1 -5 0 0
1 0 -1 -1 1 -3 1 0
-2 -1 0 -2 -1 3 5 -5
0 0 -1 -1 -2 1 2 2
1 -2 -1 -1 -1 0 -1 6
-1 -1 -1 0 -1 1 -5 -7
-2 0 -1 -1 -3 -3 1 1
2 -1 -2 -1 2 7 -1 8
2 -4 -2 -2 -3 6 -4 4
-1 -2 -2 1 -1 1 -3 -6
-3 -2 0 -1 -2 -2 -1 -7
0 0 0 -1 -6 -2 -1 1
-1 0 -1 -1 3 3 2 1
0 -1 -1 0 -2 3 -1 1
-2 -5 -1 -1 3 6 -1 -2
2 1 2 0 -1 0 0 0
-1 -1 0 -2 -2 -2 -4 -3
1 -1 1 -1 -1 2 -1 1
-2 0 -2 0 1 7 3 -2
-3 -2 -2 -2 1 3 -17 -8
-1 0 -2 -1 -2 -7 1 -2
1 -1 -3 -3 -2 -3 -3 2
2 -1 1 -1 -3 -4 1 8
-1 -1 0 0 1 4 8 -4
0 -1 0 -1 0 0 -2 -4
-2 -2 -1 -1 -2 -2 2 1
2 0 -3 0 1 0 3 12
0 -1 -1 0 -1 -1 -3 -1
-2 0 0 -1 -2 -3 -1 -7
-1 0 -1 -2 -1 0 1 1
-2 -1 -1 -2 0 -5 -1 -6
-1 0 -1 1 -7 -7 2 0
-3 -1 -2 -1 -1 3 0 1
0 -1 0 -2 -2 -5 -4 0
-2 -1 0 -2 -7 -13 -6 -6
-4 -3 -3 -1 14 9 1 -2
3 0 -2 -7 -14 -5 0 4
-4 -3 -2 11 21 3 -2 -3
2 1 -1 -2 -13 0 -4 -7
2 0 -1 -3 -1 -7 2 5
1 0 -2 4 -3 -5 -1 -1
1 0 1 -5 -4 -2 -1 -2
-3 -2 -1 0 1 -4 -2 -2
0 -3 -1 -3 -4 -5 -1 0
-2 2 -1 -19 -14 -1 0 0
4 1 0 10 5 1 1 -1
-8 -4 -3 17 13 -10 -9 -8
4 0 0 1 1 -9 0 1
2 -1 0 5 5 -2 0 1
-1 1 -1 -17 -24 -6 -1 1
2 2 0 -14 -5 1 1 0
-2 -1 0 2 0 -3 -2 0
0 0 -2 -2 -2 -1 -1 -2
-1 0 -1 5 9 -4 -1 -2
1 -2 -1 1 3 1 -2 -2
-2 0 -1 -3 -8 -2 -1 -4
0 1 0 0 4 -16 0 0
-3 -1 0 -5 -4 -9 0 0
-2 1 0 2 1 -11 -1 -2
0 -1 0 -15 -14 -7 3 0
-3 -2 -2 4 9 4 0 -1
-5 -3 -4 19 4 -2 -4 -5
-3 1 -2 -11 -11 -3 1 -2
2 4 2 -9 12 1 3 1
-1 0 4 62 54 4 -1 1
-3 -6 -1 -18 -14 -13 -2 -1
-2 -6 -4 -14 -18 5 0 -1
-2 1 -4 -5 -1 -3 -1 -1
-2 2 4 -8 -7 -4 0 -4
16 4 -1 8 14 6 4 4
4 1 0 -1 4 7 -1 0
-2 -3 -4 -2 -5 -13 -1 0
-4 -6 -5 -6 0 6 -2 -1
-11 -2 -6 -12 -13 -2 -5 -3
0 4 1 13 4 8 -1 -1
-13 -4 -1 -3 -5 -6 0 -3
20 1 0 -6 -8 10 -1 3
-35 -11 -2 -8 -5 5 3 -4
47 20 0 0 4 4 -2 8
3 -2 1 6 4 -2 -3 -4
-15 -11 -1 11 -12 18 -3 -6
-38 -5 1 -6 6 3 2 -2
16 0 3 10 11 12 1 0
6 1 -7 -11 -15 11 -3 0
3 1 -1 -18 -15 4 1 1
-6 -10 -4 -1 11 10 -5 -3
-23 -5 1 22 9 -10 -4 -6
1 3 4 -6 -9 9 0 1
-3 -2 -6 -61 -25 -4 1 0
9 5 -1 44 28 -3 0 -1
3 2 9 19 -22 -32 -3 -3
3 -5 -5 13 -2 -3 -3 0
-7 -5 0 -11 -4 -5 -1 -2
24 16 5 -32 -14 6 1 2
-6 -8 -8 -20 7 12 1 1
-7 -6 0 11 3 2 1 1
0 0 -2 5 -5 -16 -1 2
15 3 0 -7 -6 4 -2 1
-15 -7 -3 1 -5 -9 -1 -5
-3 0 -3 -8 6 -7 -1 -2
-3 -3 -10 -9 3 0 -2 -2
12 6 15 42 8 -14 -1 1
0 7 4 -20 -7 -5 4 4
-1 -2 1 15 21 3 -4 -4
-3 -1 -3 13 -8 7 -1 -1
-5 -5 -12 -32 11 20 -1 -2
-6 -7 -5 10 -24 -28 -6 -1
-1 -1 2 -7 10 5 4 2
7 8 5 15 -13 2 -2 0
4 -2 -5 -18 -14 -8 -2 0
-7 -4 0 -10 13 2 1 -2
4 -2 -4 -24 -5 -3 1 1
-9 -3 3 38 29 8 -3 -6
3 0 0 18 -13 -29 -2 2
-1 3 -1 -16 -7 18 3 1
-7 -2 -2 1 -12 -1 -1 -2
2 0 -3 -13 3 6 -1 -1
5 0 0 -1 -11 -4 0 0
-8 -10 -5 5 11 3 -2 -2
7 9 7 2 2 0 1 -1
4 -1 -1 -7 -10 -5 1 0
-3 -5 -3 -4 -4 2 -3 -3
-1 -1 -5 -8 19 -4 -1 -1
-3 -4 -2 10 -19 7 -1 -1
-2 -2 0 -3 5 -8 -1 -2
0 -3 0 6 6 4 -2 -1
-3 0 1 -8 -8 0 -1 -2
-3 -1 -1 4 5 -3 1 -2
8 1 3 3 12 -20 0 3
-2 -1 -4 -10 -24 6 -3 -2
-4 -3 -3 3 3 2 -1 -4
2 2 1 9 3 -7 0 2
1 4 3 -1 -3 0 1 0
0 -3 -2 -9 -12 -2 1 0
0 -3 -2 -18 0 14 -2 1
-3 -1 -2 25 12 -4 -5 -3
-9 -5 -6 -14 -9 4 0 -3
-4 2 5 20 14 -14 -2 -4
11 6 8 -1 -6 3 4 3
-2 -4 -5 -11 -15 3 -3 0
-3 0 0 -7 -2 -11 -1 2
-3 -4 -5 -8 5 -4 -2 -1
-4 -2 -1 10 -7 -3 -2 -2
2 1 -1 -5 -3 -11 -1 -1
0 0 1 13 23 5 1 0
-1 -1 -2 -7 -15 -3 0 -2
-2 -4 -3 5 7 -5 -1 -2
1 -1 -13 -21 -12 4 0 -1
-4 -2 0 10 -2 -2 -3 -2
4 9 22 87 65 15 3 4
-6 -7 -24 -91 63 -2 -13 -9
5 9 18 57 11 -4 13 6
-4 0 -5 -16 -75 8 -12 -6
0 -5 -22 -78 -1 -23 1 0
9 18 54 124 99 49 24 11
-12 -21 -40 -22 -55 20 -14 -10
7 5 11 27 101 -4 -3 4
-7 -6 -12 -51 11 -45 -28 -13
6 7 5 58 91 49 41 10
1 8 1 -60 -25 28 -8 -2
-1 12 15 84 54 -10 26 3
10 20 39 94 93 101 22 10
-11 -28 -40 -125 -128 -53 -31 -14
1 -16 13 127 127 -38 9 1
-4 -15 -3 2 -91 -39 -11 -6
2 -11 -13 -107 -104 11 8 7
-6 9 14 50 -43 -63 -34 -14
3 10 12 44 -49 -12 20 7
5 11 10 -69 -93 43 -6 3
-9 2 -21 -39 -22 -25 -21 -16
12 18 19 41 21 46 32 15
-4 9 5 71 69 48 -7 -7
12 18 35 -33 79 41 27 16
-7 -11 -10 52 -1 -23 -3 -5
11 20 22 -87 35 53 19 10
-23 -10 -20 56 -65 -75 -40 -25
3 20 -7 -35 35 -43 -5 -2
5 -16 -2 -66 -109 -68 7 8
-16 -34 -47 -79 -30 31 -16 -16
7 6 6 25 3 -8 -5 4
0 -8 18 56 57 46 15 5
-15 13 -60 -107 -46 -24 -36 -21
1 8 14 116 106 -65 -10 -2
14 16 28 -91 -49 -41 21 17
-27 -21 -38 74 -59 -33 -42 -30
5 15 20 82 99 51 22 9
5 -1 22 31 53 -39 6 7
-2 24 -34 -91 27 -41 -14 -6
0 19 21 -65 54 49 20 5
1 61 -3 -67 -53 -3 -15 -2
-26 -6 -48 34 -27 -100 -63 -28
3 1 14 -6 10 13 12 4
0 -34 -23 -2 57 43 6 3
-5 -24 6 5 5 19 -8 -6
17 14 38 72 66 69 42 20
9 -39 -7 -20 82 70 18 14
-13 -8 -16 127 60 -22 -25 -17
5 -89 10 42 127 24 6 3
11 1 21 -25 -40 11 22 13
-18 29 -12 -7 -21 -30 -38 -19
-3 -27 -13 47 -68 -56 -3 -4
25 -51 60 44 127 -19 20 18
-16 -90 -46 -81 95 4 -9 -10
6 -56 6 24 50 -7 26 11
14 -7 12 -128 -67 50 20 17
-17 30 -34 -28 -43 -49 -31 -18
9 0 42 108 -27 -9 11 8
-9 8 -34 -39 40 45 -2 -8
4 63 15 31 57 -29 9 6
5 30 23 46 14 0 9 4
-9 13 -4 101 127 83 -11 -11
4 13 22 60 58 -14 13 3
4 16 10 78 17 -27 -6 3
-7 34 0 58 48 83 20 -1
5 -38 -1 -116 -128 -68 -10 0
-14 63 -5 117 113 6 -23 -17
13 -37 13 -35 40 -16 -1 7
12 -60 0 -128 48 75 35 20
-12 -6 12 106 -37 9 -5 -13
14 -52 6 -119 -58 64 32 19
-17 49 -27 51 37 37 -19 -17
0 -53 -5 -39 24 -16 -4 0
1 12 -13 -76 81 27 6 3
1 -20 11 -4 117 15 0 -1
-11 61 -30 -86 -64 -76 -28 -12
-13 30 -16 83 54 6 -14 -13
14 -8 25 14 32 85 30 15
-12 -29 -44 -101 -128 -122 -32 -13
6 -9 17 81 119 81 19 3
2 1 13 0 37 -38 5 4
4 35 3 -38 -54 -17 -3 3
-2 -16 -5 52 119 52 7 -3
-9 8 -2 -59 -26 -68 -30 -11
6 -53 -4 -80 -64 11 6 4
1 7 13 81 60 23 7 2
5 39 17 15 -55 -10 5 3
0 -59 -20 -95 53 -48 -1 2
-12 26 -15 118 95 6 -16 -13
0 -4 -8 19 42 10 0 3
12 19 30 27 54 92 34 13
-1 -14 13 63 33 33 2 -1
5 8 13 20 -102 15 1 2
-3 20 -32 -114 -16 -34 -11 -3
-7 15 3 117 82 -18 -7 -6
8 -13 18 -7 -52 -14 15 8
-10 30 -26 -1 98 -2 -22 -11
-9 -11 -2 7 101 18 -5 -9
3 -2 5 -29 42 -1 0 3
-9 34 -11 -31 55 -24 -9 -6
5 -22 6 -9 74 1 2 3
-1 12 -18 -47 -67 6 3 0
-15 38 -18 78 34 13 -30 -17
0 -1 -10 -12 -27 -7 0 -1
8 -4 28 -2 -4 14 12 7
-1 26 5 49 69 5 -9 -4
-8 -60 -19 -92 -25 -13 -9 -7
0 -12 -9 -3 31 7 0 -1
-3 23 -8 -4 -22 -31 -4 -3
-5 1 -17 -21 -101 -68 -13 -8
-1 -7 -11 -57 -27 -31 -5 3
6 -9 19 -55 -21 30 5 4
-5 0 -19 -60 -94 -51 -10 -3
4 1 6 -43 35 -10 10 7
-3 -8 -11 -5 -57 -58 -13 -6
5 -57 17 43 55 79 15 8
-12 52 -23 9 -44 -64 -27 -15
-4 22 -5 -35 -89 6 -7 -7
7 -26 15 -2 -51 8 19 8
3 16 1 -67 -17 -79 -5 1
-7 -22 -22 31 -28 12 -4 -5
4 -18 5 -4 85 18 8 6
6 2 19 -46 -46 22 15 8
-12 -3 -15 107 106 28 -9 -9
4 8 19 48 -19 39 14 6
17 -58 27 7 66 25 27 19
0 17 31 116 110 8 -4 -7
7 -26 4 -22 -5 29 17 8
-6 43 -8 -60 75 -64 -13 -6
6 -12 25 18 -30 0 8 7
2 -26 -25 -72 52 -7 4 4
0 16 24 93 40 53 3 0
-2 -24 -11 66 76 -22 -11 -7
-2 -2 1 75 124 30 11 1
0 10 4 -18 -19 30 4 3
-5 -10 -5 72 36 -80 -20 -8
5 -35 -4 -64 -36 72 19 8
-8 30 -9 -3 -30 -13 -11 -8
2 2 40 69 11 26 5 0
3 -23 -17 -26 -51 -61 -1 2
11 10 76 104 61 52 35 15
-20 14 -81 -29 -10 -2 -40 -26
1 -6 -10 5 52 2 -2 0
4 27 59 82 6 -3 2 -1
6 -48 -25 -22 64 42 30 15
-3 40 -2 -61 -6 -72 -24 -6
6 -31 -28 -21 84 39 10 7
8 -34 6 16 -123 40 6 6
-20 60 -47 -1 84 6 -19 -19
5 -57 -11 -24 -67 67 7 4
0 11 12 26 -42 63 6 -1
-7 18 -27 -113 18 19 -11 -6
12 -4 21 82 64 62 21 13
-9 33 35 7 32 -3 -19 -15
-9 52 -17 17 -52 -26 -18 -13
-10 32 -30 -62 -82 -66 -7 -5
6 -27 -10 -87 -60 32 14 8
-6 67 21 99 -7 23 -16 -6
8 -32 18 37 31 -10 17 9
-4 42 -28 -78 68 10 -6 -4
-8 40 21 34 -91 -72 -21 -11
10 -26 27 57 29 0 18 8
11 -45 -5 -55 122 27 32 19
-4 -4 30 95 81 103 -7 -9
1 -17 -2 -34 -102 -7 -5 -3
-2 -8 -8 -79 36 28 8 -1
11 20 32 -12 11 15 6 11
-7 -34 -40 1 61 12 -3 -4
-2 6 17 74 46 4 -12 -3
-1 -12 -20 -49 18 36 13 3
-6 40 19 -34 -6 -6 -20 -9
4 -32 11 73 102 82 30 9
-2 -9 10 -38 -38 25 -4 -3
1 -2 4 44 66 39 -6 -2
-6 -9 -32 35 -25 -28 -7 -7
3 -1 17 80 24 48 15 4
20 -39 64 25 124 92 59 26
-13 -2 -49 86 54 -16 -37 -18
-6 16 -11 -21 5 -53 -22 -11
3 -3 8 -26 -26 -10 3 2
-5 5 -20 6 53 33 -6 -3
-12 37 -26 -102 -108 -48 -9 -9
0 -12 13 -6 -82 21 9 2
8 13 23 4 -93 -41 -4 6
-19 13 -67 -2 -98 -77 -54 -28
3 -24 -10 -17 40 -19 13 5
-9 30 23 103 -5 -28 -19 -11
9 -41 25 -67 -47 -47 13 12
0 5 -5 -63 -7 -27 -3 1
-6 -3 -6 -15 -14 -46 -7 -5
1 -35 -4 3 -4 -7 5 1
0 9 -16 -40 -59 -14 -2 -2
-2 -7 3 36 63 -24 -14 -5
-7 27 -6 -43 -75 -24 -10 -9
8 -19 10 -20 70 12 9 8
-15 6 -25 16 -20 -29 -20 -17
-1 17 1 -9 59 -6 -7 -6
13 -59 26 -24 127 -1 21 16
-11 19 -7 63 3 3 -15 -11
4 -4 -6 -32 31 -5 -1 5
8 -21 3 7 32 8 16 4
4 0 22 14 -48 34 13 4
-14 -1 -21 4 63 40 0 -4
-1 -9 -7 1 -16 27 0 -1
6 4 10 19 32 14 0 2
2 2 3 17 -42 -28 6 6
-6 25 -7 31 62 1 -6 -7
-4 21 -14 -33 -81 -34 -6 -1
2 10 0 3 42 -35 -6 2
9 -30 10 22 15 30 8 5
1 -3 0 27 73 34 16 4
-2 25 -11 -33 118 61 -14 -7
-3 -26 10 54 6 -15 -7 -1
1 -7 3 -38 31 -22 8 4
4 19 3 -57 -72 -47 5 5
-6 9 -17 34 104 -21 -9 -8
1 -4 9 -86 50 32 13 4
-14 26 -26 -42 8 -65 -24 -15
6 -4 -2 -18 29 -67 -6 0
5 -9 8 -24 -4 -5 8 4
11 -32 33 59 69 76 25 13
-1 26 8 99 127 53 6 0
-8 2 -44 -128 -128 -79 -30 -14
3 2 13 58 49 -51 0 1
-10 15 -16 -24 -6 -10 -11 -9
7 5 7 -14 -29 24 13 10
-4 11 -7 93 67 60 -1 -6
11 -14 28 -48 -48 -58 16 12
-19 44 -38 -27 -28 -94 -38 -22
3 2 20 65 40 31 4 0
12 -40 23 14 55 0 22 15
-36 42 -86 -99 -53 -82 -65 -35
8 18 11 39 49 27 13 9
-1 -5 6 57 48 16 -2 0
-3 8 -7 -38 -61 -19 -7 -5
8 -8 10 -44 48 114 27 10
-3 -28 0 -70 -106 -78 -3 1
-15 19 -45 -4 -125 -72 -41 -22
5 1 22 47 -7 31 8 5
10 -11 10 -36 -59 56 15 11
-12 26 -9 48 60 29 -5 -11
8 -51 10 -51 -3 -38 14 10
1 18 -3 -62 -29 50 2 -1
-6 14 16 107 -46 -71 -5 -5
12 -38 21 8 64 127 35 15
-1 29 2 -9 -27 80 -5 0
-2 -4 -1 40 39 -2 -4 -1
0 -13 -5 14 83 53 11 4
-4 5 -17 -62 -128 -82 -21 -6
-7 19 -9 47 -11 -13 -3 -4
7 20 5 1 -55 10 -8 4
2 -15 11 24 45 69 18 1
-11 13 5 22 79 -83 -16 -10
3 7 1 -28 -36 -71 1 2
0 8 -22 -88 -33 -20 -10 1
4 -10 2 49 37 6 9 3
-6 20 -17 -45 -49 -34 -16 -10
5 2 18 43 55 23 8 10
-2 -10 -3 -30 57 -55 2 -2
-13 54 -12 -30 -27 -16 -60 -28
-7 -14 -15 22 15 42 -2 -4
0 3 15 -34 70 18 5 3
0 -8 -9 -34 34 48 6 2
0 9 17 82 -2 -12 4 3
-1 3 -25 -63 -99 -27 -10 0
0 -10 1 88 68 -6 0 -1
3 -5 11 28 -6 -7 9 5
-3 -7 -24 -128 -72 -22 6 2
2 2 20 108 90 64 10 3
-6 -19 -25 -75 -34 23 -1 -5
-6 6 -6 27 -94 -98 -17 -8
0 -13 1 -9 71 41 10 4
-8 41 -24 -112 -90 -62 -36 -14
-2 2 9 54 80 -13 -7 -4
-8 22 8 97 48 -3 -15 -11
-3 -10 -17 -14 -72 -64 -13 -2
19 -7 24 -77 27 14 39 25
-16 15 10 40 81 -32 -27 -20
1 -9 3 -4 39 20 9 3
11 -10 23 52 -31 4 31 15
-2 13 -9 -18 -61 44 -8 -6
2 -4 9 78 -10 27 3 1
-8 -5 -29 -82 -55 -19 -8 -6
1 -23 4 12 -9 30 7 1
-6 -19 6 105 96 41 9 1
9 6 5 -57 -128 -8 0 5
-3 6 4 53 -15 27 -2 -4
5 6 -16 -96 -41 -24 9 7
-15 18 -18 46 32 -29 -40 -20
6 -8 8 9 54 48 13 7
-15 0 -20 15 18 -25 -24 -17
5 -5 15 4 99 52 7 3
5 -9 2 24 -20 10 15 7
1 4 14 6 32 12 6 2
-5 -2 -27 -69 94 -41 -14 -5
-4 5 10 118 104 31 -10 -7
-1 -7 -8 -30 21 -45 1 -1
2 -3 -2 -59 34 -26 1 1
-2 3 6 26 48 17 1 -2
-2 -11 -3 7 25 13 4 0
8 -2 15 -19 -55 53 -7 2
1 -1 -7 -56 -59 3 10 3
0 -3 4 34 -34 18 6 3
5 9 -19 -32 -7 0 -3 0
-2 -5 38 19 -77 -1 0 -3
-5 -21 -9 -20 -38 63 10 -2
3 -5 8 -29 51 114 17 12
-7 3 -31 -39 -84 -57 -30 -13
-5 -10 -19 -15 65 -49 11 2
0 -9 11 60 39 36 12 0
-3 -14 -22 -84 -86 -93 -17 -5
-2 -1 7 87 76 -17 -7 -5
1 7 -10 -71 -35 -2 12 2
1 56 -3 50 -11 -33 -2 4
10 67 9 12 69 35 22 12
-13 46 -26 -99 -32 10 -22 -12
-16 52 -1 59 85 45 -29 -21
1 -29 9 35 13 37 0 -3
0 -10 -1 2 71 40 5 4
-4 -30 6 -14 -48 -76 -6 0
-3 -19 -13 -10 -24 67 5 -1
2 5 -4 -1 -82 -77 -11 1
10 5 35 52 114 87 22 5
-14 -33 -1 -24 103 76 -5 -12
15 -30 29 51 8 14 31 18
-6 12 -8 38 127 31 -9 -5
-2 -28 -38 -67 -84 -90 -15 -6
22 -48 51 50 113 13 43 25
-10 -27 16 95 122 39 8 -7
5 -38 -15 -62 28 -2 -9 1
-2 -3 21 62 60 25 11 3
-2 28 -4 -8 61 57 2 -1
-9 -9 -45 -123 -10 -86 -32 -9
-5 -1 6 47 100 7 -2 -3
4 -29 18 94 -14 19 2 2
-10 45 -23 37 -11 30 -10 -10
14 -9 16 20 59 71 17 10
-8 12 -2 -30 -103 -26 -16 -8
-1 43 -15 -43 -84 33 -6 -4
-1 -14 12 13 81 19 2 0
-1 -8 -16 -59 -18 -54 -2 0
7 -32 -6 -88 24 16 16 9
-10 1 -16 -21 58 44 -2 -6
-3 12 -7 -49 -125 -91 -22 -8
6 -4 6 -61 -128 -27 -7 4
-12 57 0 88 42 -40 -21 -12
13 -26 18 -90 -102 -14 18 12
-9 25 -18 70 -31 -13 -13 -7
1 16 14 -39 -38 -64 -8 -1
-8 -8 -28 32 18 58 1 -4
-2 16 1 7 28 46 -13 -8
19 -28 48 12 77 54 37 21
-17 8 -31 22 92 48 -41 -19
-3 9 0 -28 81 57 3 -3
-5 -7 14 25 39 4 7 0
1 -2 -33 -75 -4 28 -11 -2
-4 4 8 83 55 -4 3 -3
7 -28 -33 -128 11 -6 11 6
-6 -17 -27 50 -62 -42 -14 -7
10 -8 14 -99 -76 -44 19 12
-4 36 -2 121 57 -58 -2 -3
-14 43 18 10 -124 -74 -44 -20
-2 3 -15 82 6 -8 -5 -4
3 -29 -1 52 97 2 10 4
6 -15 -19 -60 -30 22 10 9
3 11 35 45 78 -70 -9 -2
8 -9 21 -50 16 -33 9 8
-5 6 -3 34 127 49 13 4
-4 21 -9 2 -30 -45 -22 -10
-2 -13 -28 -71 69 60 14 1
-8 13 1 -33 -26 12 -12 -9
-13 -13 -68 -40 -95 -12 -24 -12
-5 26 7 -70 -61 -37 -15 -7
4 -13 -1 48 -128 -1 13 9
-4 10 -17 -65 99 75 -12 -9
-15 20 -15 67 30 10 -22 -17
11 -48 -1 -62 -50 92 26 13
-1 9 8 -19 17 -4 -5 -3
1 -19 13 85 127 63 9 4
8 -15 35 59 -81 -13 23 15
15 -10 10 -35 19 122 39 19
-11 2 -3 54 89 -62 -29 -15
6 -1 4 -35 -86 -60 6 5
9 -1 35 -27 -20 -18 10 7
-14 7 -25 27 63 -57 -22 -13
9 -26 -7 1 73 54 28 13
5 1 16 -10 25 3 16 7
-16 30 -37 -17 22 -55 -56 -25
-7 -23 -18 92 -27 -2 -4 -7
4 -5 7 2 -89 -30 -6 1
-11 9 -2 25 2 -62 -17 -8
14 -7 28 -43 48 40 31 16
2 6 11 27 56 61 28 10
6 -4 -20 -55 18 68 1 2
1 -10 10 82 -59 -6 -1 -3
-1 4 -9 -78 -12 -5 -5 -1
-3 2 4 -23 -41 -74 -5 -2
7 -12 22 29 79 83 15 6
-9 -7 -14 17 50 -38 -8 -7
-5 4 -6 -8 64 23 2 -4
12 0 21 -25 9 8 17 11
-18 -8 -26 -27 0 -48 -22 -16
2 0 4 -2 -20 39 -1 -1
10 -1 49 127 27 10 23 10
6 -2 -8 -53 127 109 15 7
-9 -16 -43 -128 -128 -77 -19 -9
-2 3 -7 25 115 16 2 1
-12 1 -15 20 -98 -43 -18 -8
6 -5 16 -66 -53 -27 -12 -2
0 -2 8 119 89 23 10 3
-3 1 -2 17 -52 -57 -12 -4
22 -9 58 38 2 30 36 21
-8 1 -1 127 50 -84 -17 -9
0 -10 -31 -55 85 81 7 0
3 -9 26 -73 -59 -63 -7 1
-4 -4 -4 -83 -87 31 5 1
-12 1 -31 3 100 47 -18 -15
7 -3 0 -64 -92 -30 6 5
3 -6 -11 -34 -95 13 2 3
-8 4 -13 -24 44 -14 -20 -9
-12 -5 -31 74 90 42 -5 -10
-2 7 30 -23 -96 -67 -3 2
18 -8 41 17 -31 99 24 16
-12 2 -33 -55 -43 11 -15 -11
-5 4 4 107 87 -35 -12 -9
12 8 37 122 18 23 27 15
-1 6 -36 -113 -76 25 1 -2
-10 -1 -36 127 67 -5 -13 -11
8 -6 47 -67 -72 66 6 5
6 4 36 16 -83 -20 3 5
-6 -1 -5 74 96 14 1 -3
2 0 -36 -93 -61 34 5 4
-14 9 36 91 1 17 -10 -13
4 -1 -34 -91 -19 -35 -11 -2
-3 -1 5 -45 0 -34 -6 -1
-5 1 9 -4 31 19 -13 -8
-17 8 -74 -117 -95 -101 -42 -17
2 2 78 108 127 105 6 0
0 -2 -14 31 29 61 14 2
-13 3 -58 36 47 54 -25 -16
15 -6 32 -38 -128 -30 27 19
-6 -1 -48 -55 -71 -36 -6 -5
1 -1 1 -34 -61 -45 -1 1
1 -1 18 -29 18 -37 8 0
7 5 -2 -20 23 59 25 8
-15 3 -26 91 112 59 -20 -16
8 -3 11 -49 33 32 17 10
2 -1 11 -6 29 -44 -3 2
-12 0 -8 -65 -41 -79 -34 -19
0 -12 -14 -52 -35 -54 4 -1
-2 4 11 -67 -25 -17 -3 -1
-12 4 -15 111 112 -40 -28 -17
12 -5 -7 -25 11 2 31 18
7 -1 18 -32 -29 17 9 10
-26 10 -34 99 127 -60 -35 -25
7 -5 21 -6 -82 42 7 1
9 -3 -6 13 -12 53 21 11
-3 -1 -7 -10 -83 1 2 1
-27 9 -45 47 27 -43 -43 -31
14 0 43 -39 -86 2 20 12
6 -3 17 88 59 1 13 6
-7 -3 -13 -25 21 20 -14 -8
3 -3 -45 -102 -102 68 3 4
1 1 22 94 3 13 6 2
-3 0 -1 62 70 28 -7 -3
8 7 26 -34 -99 -106 -5 5
-3 -6 2 64 87 41 4 -4
7 -3 14 -11 7 69 8 5
4 1 1 -43 16 66 0 3
-8 4 1 48 93 54 7 -3
-1 1 3 16 12 -35 -5 1
-3 -2 3 -3 -52 -39 -15 -6
9 -1 -3 -103 43 33 19 10
-1 2 -12 66 -25 -3 -7 -4
-8 -3 -21 -34 60 25 -2 -9
-2 -5 -19 -15 18 -16 7 2
10 -2 34 37 -128 -82 3 7
-24 8 -9 106 97 0 -40 -29
14 -2 13 -75 9 9 20 15
-7 4 -32 -65 -67 -20 -16 -6
0 -7 -2 -8 -40 -21 -2 -4
23 -7 7 -128 -11 121 47 28
-16 -2 -47 44 49 -19 -27 -17
8 -8 73 69 5 -31 9 4
6 -7 -3 -22 -92 7 16 10
-19 -3 -76 -85 -71 -16 -26 -16
3 -9 -21 -114 -128 9 -2 1
2 -3 6 51 -18 4 6 3
-10 1 -17 1 -7 -43 -15 -6
3 -9 13 -80 70 -11 14 3
9 -1 38 51 -14 38 17 12
-6 3 -34 16 127 -33 -2 -1
6 -6 33 88 -91 -85 -13 2
-8 3 -4 -25 108 -6 -5 -7
0 -1 -8 -28 -35 -50 -7 -4
7 -3 1 -43 10 25 17 8
-5 2 -13 -76 -46 -16 -8 -3
5 4 25 126 87 46 19 8
-3 -1 38 58 -21 -73 -23 -8
6 5 -9 -112 -51 39 7 6
-45 -37 1 3 18 9 -18 -42
-11 -2 4 18 36 82 -21 -56
42 -13 -12 -18 -24 -53 60 24
-65 -34 -12 -7 -7 7 89 -56
28 6 3 -1 6 8 35 -42
13 2 11 2 10 42 -26 7
1 4 5 -2 -17 -1 -16 -7
-14 -36 1 5 14 25 8 64
28 59 2 -1 5 -29 -26 -12
-6 6 -6 -13 -2 -96 70 -70
9 4 2 2 -18 3 -34 92
-31 -7 -2 0 11 24 52 -38
44 1 4 6 -2 59 -20 74
26 25 0 4 14 -30 24 20
-18 -38 -5 1 -16 -12 -47 1
28 -13 5 15 22 12 58 -45
-11 44 5 3 5 -5 4 -26
-7 -16 -17 -6 5 -8 60 -39
-2 -9 -2 -1 4 9 -14 2
29 20 1 -1 -27 29 -72 75
-27 -9 1 11 31 22 -1 34
-11 -23 -7 -8 -45 -14 0 36
-29 -11 -9 -20 -54 26 -26 -128
25 24 0 -11 2 -83 -93 59
45 -27 -1 8 27 0 -42 -39
-22 14 -1 1 16 -18 -12 -41
12 -10 2 11 53 31 -10 -17
35 3 -4 -19 -67 17 12 3
7 17 -4 -4 28 -12 -53 49
4 -27 -5 10 26 -78 -68 0
-24 1 -3 -7 -23 -26 -42 2
-5 -30 -6 -2 19 7 -43 60
45 14 6 -5 -14 -7 17 42
15 1 -6 -15 -7 -38 -3 6
-38 -30 -7 -13 -49 -3 17 15
25 3 0 2 19 -21 -40 40
-40 -6 -7 -4 -28 -16 16 -27
-9 -15 3 8 14 106 -14 -19
6 3 3 -3 -20 -50 27 -100
-27 -37 -3 3 22 7 23 -57
-1 17 10 15 31 42 21 -65
62 90 -2 -29 -94 -16 73 107
7 -12 -7 1 16 2 12 -32
9 13 4 12 26 22 26 19
-8 -16 0 0 6 -23 48 12
-3 -7 -2 1 -11 -21 -28 -26
-4 1 2 2 14 1 25 -10
17 25 7 0 22 9 20 44
-21 -25 -8 -5 -33 -53 -26 29
-18 4 -1 1 10 8 -5 0
78 78 16 5 3 -12 6 1
-25 -18 0 11 22 -25 -24 -55
-49 -23 -13 -9 3 26 16 -16
-34 -68 -5 0 6 9 -11 -92
-11 23 0 -5 -44 10 23 -7
-9 21 -3 3 5 26 64 33
26 -1 5 5 -4 9 -5 -20
-15 11 7 3 24 12 60 83
-21 -54 -4 8 34 76 20 -60
46 14 -8 -12 -19 15 -6 17
-24 -2 -2 -7 -4 -21 -4 13
-6 -19 0 5 24 -1 11 41
-5 9 1 0 -6 5 -31 -2
9 26 5 2 -10 11 26 36
-12 5 2 1 12 -1 -6 -7
37 -12 1 -8 -19 -13 -6 20
13 51 4 6 24 46 -15 -6
-34 -11 -1 -1 -7 -27 1 -103
-6 5 5 4 15 -8 -2 -64
5 -10 2 3 -39 2 -38 -55
-27 -35 -7 -7 4 10 -7 3
23 39 2 2 19 -33 -70 -8
7 3 -1 -4 -17 40 72 33
-57 -18 -9 -8 -14 15 -24 62
2 -5 3 6 26 -56 -19 -26
10 -15 2 3 -7 22 47 -22
-25 -4 -6 -11 -20 -55 -9 -69
30 21 4 -1 15 2 5 40
-38 -44 -16 -12 -18 -10 -13 21
7 18 5 -2 -1 -2 -48 26
37 21 5 10 9 49 -22 -52
-8 -9 1 -1 29 -53 19 -128
24 -1 -6 -5 -1 -24 -42 4
-14 -11 -5 -2 -11 29 10 8
-11 4 11 7 -9 -13 -26 67
8 31 16 27 46 85 23 -16
-44 -21 -9 -5 26 -42 0 4
-18 -36 -6 -2 -31 7 88 15
22 7 1 -1 -9 8 10 54
13 -14 -3 -3 -3 24 -4 7
27 41 2 -13 -34 -35 10 38
-34 -21 -4 6 14 -4 -15 10
18 10 -3 -1 9 1 13 -13
-31 -20 -5 -4 -11 -51 -19 -58
68 10 2 -3 -2 40 -54 51
-1 40 -1 -10 18 -31 22 41
-2 -12 -6 -7 -30 33 -10 14
10 5 -13 -13 -13 -88 -12 -14
-34 -55 -9 4 -7 -7 -51 4
-7 10 5 6 12 30 -38 -30
10 4 5 8 27 75 4 3
-44 -12 -2 -4 1 4 -5 -25
5 -22 -8 -6 -18 -20 10 -37
14 -5 -9 -5 -6 -37 28 -18
-15 -17 -12 -5 -3 22 -5 -26
-19 -34 0 5 -13 -6 8 -17
13 2 3 6 13 35 16 -22
-40 -24 2 -3 0 -59 40 -100
20 16 2 -6 -9 -51 -13 -23
-32 -54 -18 -4 -2 27 52 68
-26 39 10 -2 0 -39 12 9
18 5 2 -1 -11 35 -51 -20
-29 -21 -2 -3 25 -18 22 23
26 43 12 6 -2 6 -82 73
3 0 6 1 7 -33 15 21
-20 -21 -11 -12 -39 -12 -25 -4
-26 -17 -6 -3 -4 -20 -55 -62
53 28 -2 4 31 55 51 -82
-3 12 3 3 4 5 -5 0
-33 -41 0 -4 -29 -34 1 -43
5 -19 -3 -3 9 23 -16 71
-24 -20 -7 4 -12 53 21 5
42 53 3 -4 -7 -16 48 20
34 -32 4 7 22 17 -32 -17
-59 -2 1 14 20 -9 16 -65
-8 -7 8 -12 -70 -88 -17 53
-49 -33 -21 -12 -43 7 -24 31
25 38 14 6 12 41 -16 40
27 6 -3 -4 -6 18 -18 -19
12 29 11 1 17 5 -31 96
-31 -49 -11 0 12 21 32 -19
-7 18 1 1 -1 -42 29 -29
7 9 -2 -6 8 -21 17 9
-14 -51 -5 -11 -26 -11 -61 -79
62 86 24 17 32 45 12 -4
27 -16 -10 -5 -1 -23 -6 10
21 -1 7 7 20 15 86 116
3 34 0 -14 -32 -25 5 -99
-36 -28 -8 8 9 49 -50 31
9 39 8 0 -24 15 -28 3
10 -38 -8 -4 4 -94 -19 5
3 59 -1 -1 12 -19 17 28
-7 -33 3 4 13 18 11 4
-30 -20 -1 5 24 53 4 47
8 10 1 -12 -41 -30 -23 -15
-8 -18 1 9 10 67 26 -79
-21 -11 -10 -21 -19 -108 -11 -12
12 -91 -17 -18 -34 14 -16 -41
76 110 19 12 23 24 15 31
21 10 2 10 37 -10 -9 15
-35 -26 3 7 4 0 47 31
23 58 9 -5 -32 -17 12 -33
-36 -27 -4 0 2 67 2 -9
61 51 6 6 45 -38 4 -17
-59 -68 -18 -31 -89 4 -19 -78
-15 39 9 13 54 37 34 97
-3 -23 3 0 -18 21 -40 -84
5 1 5 17 33 39 45 113
87 111 33 13 26 38 54 36
-15 -24 -14 -13 -7 -42 -37 -50
-70 -63 -11 7 4 22 13 96
22 -17 -9 -22 -24 -78 -20 -90
14 17 -2 4 10 5 5 -40
-25 0 3 9 20 36 -1 20
0 6 2 3 0 -30 -8 35
-65 -23 2 6 14 57 26 -49
33 13 -4 -13 -37 -91 11 38
-32 -19 -6 1 18 -15 -36 -38
9 16 2 -8 -6 9 28 30
-9 -21 -17 -30 -76 -51 -22 5
-2 23 10 11 33 46 -29 7
-6 29 4 8 1 57 -4 -60
44 -4 -9 -16 5 -128 -20 -38
15 -16 -2 7 16 26 -2 15
-92 -77 -10 8 10 93 45 30
69 66 15 4 2 -58 -38 21
-84 -22 -3 9 -3 117 77 -81
20 51 9 6 3 6 -15 -15
-49 -78 -4 2 20 69 -61 39
32 -11 -5 -13 -25 -64 4 5
-25 28 8 7 -5 51 -1 -18
29 -14 -11 -14 -34 -22 -25 24
-38 -4 -4 0 18 -27 -21 -81
-17 -43 -5 -5 -16 12 12 3
-11 -33 -12 -8 -10 -22 28 49
-41 -9 -1 7 13 43 -29 -84
60 26 12 8 25 -38 11 38
-45 -14 -12 -19 -61 -57 51 -25
41 -22 -8 -10 -27 41 -32 -39
-98 -93 -18 -4 14 -39 12 28
35 19 3 -5 -5 0 1 -32
13 -9 -1 10 27 60 -28 -1
-36 -37 -12 -12 -35 -67 -52 -59
-1 -10 -2 -8 -7 13 29 -69
8 4 -4 -11 -13 -40 -10 -89
-6 0 0 -8 7 -80 -1 43
-3 -2 -10 0 11 5 -20 -5
24 -4 12 13 41 52 -28 24
37 11 -2 -2 -35 -29 51 67
3 20 5 6 15 59 0 -46
18 14 5 -5 -13 47 -3 39
15 -16 -9 1 17 -24 18 -6
-6 16 -2 3 9 38 -23 -6
3 -38 -13 -7 -12 -8 -31 99
52 46 11 1 -6 -28 15 -36
-38 -16 -3 -8 -33 -8 -21 -11
-14 44 8 6 6 44 10 22
-5 -6 -2 8 29 -39 11 -17
18 -5 0 -2 10 -13 -7 1
20 -11 -1 -1 6 34 -28 37
22 25 7 -3 -9 -15 -8 32
-10 16 3 6 -3 46 6 8
-40 -29 -6 -7 4 -14 -23 18
31 62 12 1 -8 64 19 -64
-47 -93 -18 -5 4 -52 -29 -4
74 56 18 12 10 38 36 -18
31 33 12 7 13 25 -26 25
-8 16 0 -4 0 -43 12 5
-6 -17 -9 -1 4 26 -21 -36
-45 -21 -2 4 2 68 -40 -17
-9 -14 -5 -8 -10 -87 7 30
44 40 5 3 -11 5 22 94
-23 3 -1 0 1 -2 -25 -43
-50 -62 -9 -2 3 -2 71 90
49 67 18 26 31 117 11 -52
-31 -45 -8 -7 -16 -65 -36 27
107 60 12 6 2 2 2 -21
6 34 2 -2 2 -36 -4 -22
-27 -54 -8 -3 -9 -12 16 14
17 89 1 -3 4 2 28 -27
-36 -38 -3 0 2 27 4 -40
5 -9 2 -7 -8 -62 -26 -25
-26 7 -7 -3 -7 -57 -24 -84
-14 -39 -4 6 -5 58 68 25
33 21 0 -9 -1 -33 -3 26
-41 -27 -6 -6 0 34 9 -33
33 33 4 -7 -6 -38 -50 25
3 -41 -4 2 4 6 31 5
10 16 -2 0 -7 23 14 -5
-10 -45 -4 -1 4 21 3 -10
-23 -11 -7 -3 3 -6 -69 -35
15 20 6 2 -5 -11 1 -29
-16 -22 -12 -13 -23 -27 2 8
-25 -14 -3 -1 -1 20 -13 -101
-45 -31 -1 -1 -1 -7 19 24
22 32 -5 -6 -2 -13 7 23
6 -27 -1 0 4 12 5 -9
10 29 -6 -14 -37 -54 -16 5
2 -21 -1 4 13 11 45 15
-24 -13 -1 -4 -5 -17 -59 48
-14 3 4 8 17 -9 46 93
13 -5 -3 1 10 -27 3 23
5 20 0 0 1 5 42 9
-18 -15 5 1 -27 -31 -65 -32
-13 4 2 4 21 -23 -19 19
14 17 0 -6 -43 -10 13 32
17 2 1 4 -1 -5 4 -80
-10 -9 2 6 20 21 -53 51
-17 -23 -10 -11 -5 -63 -3 -29
17 7 2 3 15 -22 46 -14
-17 -9 -14 -11 -37 -12 2 2
-35 -7 -3 -5 0 -9 82 60
32 14 9 12 8 27 -13 -2
-27 -14 -10 -2 17 20 -33 21
-19 -41 -1 2 27 14 7 46
42 25 -1 -12 -14 -51 -49 -19
-51 -57 -12 -10 -13 -19 15 -10
72 77 18 16 33 38 17 45
-12 -11 1 0 3 -7 -12 -75
-34 -33 -14 -19 -58 -39 -16 -62
23 24 2 2 15 26 -13 53
-28 -39 -7 -4 5 21 11 -43
42 61 21 0 -47 19 5 29
-27 -46 -11 3 40 -12 -19 -29
25 45 8 3 -12 23 79 -86
-40 -20 -8 -4 -13 -76 -16 3
48 38 9 -2 4 -30 -12 25
5 -12 13 15 28 69 42 -59
-15 -22 -11 -6 5 -88 -74 6
-4 -22 0 -5 -22 41 11 11
4 -15 -9 2 14 -13 -11 -29
-53 57 8 3 4 -12 -19 -30
-3 -8 -3 -10 -1 57 -41 -29
-34 -43 2 9 18 -11 18 -11
6 -37 -21 -13 -1 -27 21 21
9 0 3 3 -3 57 -22 -56
-23 -16 -3 2 6 13 -26 38
13 16 3 -2 -5 8 -58 -38
-28 0 1 5 -3 63 -3 -21
-6 -22 -4 3 16 1 40 82
9 28 9 9 -7 37 30 23
-16 -5 -8 -5 5 7 17 -63
-17 -14 -2 3 4 -18 5 21
40 20 1 -4 -26 4 20 1
7 -9 3 -2 -7 -11 6 -3
6 6 -1 -1 3 11 -28 5
-30 -1 -3 2 -7 16 28 27
-10 -16 -8 -2 12 29 22 48
17 -6 -2 -3 -13 -39 22 12
-17 -5 -6 -6 -5 -12 11 80
9 9 4 -1 9 6 -5 -62
-1 -6 -2 0 1 -13 -14 -66
-22 -24 -7 5 -7 18 0 -9
24 17 2 5 8 5 2 20
-5 0 0 -9 -12 -53 -6 18
13 -5 -4 -2 -4 -9 7 24
6 15 3 -3 3 0 -20 -25
-3 -12 -4 -4 -6 -19 -3 -17
1 3 -2 1 2 14 -12 20
3 3 -2 -1 4 -7 -2 -4
-7 -3 -7 -8 -10 9 -4 20
-21 -3 4 6 8 29 -4 -30
5 28 6 3 -3 21 -2 48
20 20 4 -2 10 -5 -4 22
-45 -9 -5 12 -1 8 -18 5
-10 -15 -7 -33 -10 -14 11 -51
2 5 3 5 -18 4 2 10
-32 -21 -3 5 11 23 9 -30
45 17 2 1 6 -75 -53 -59
-19 -4 2 12 12 -6 -22 6
0 -11 -1 -2 -3 -4 -15 -19
31 18 8 2 -1 2 18 10
-11 -22 -5 -1 -1 44 18 45
-5 0 1 14 31 -1 1 17
31 10 -3 -12 -13 -38 2 -53
62 30 9 1 -46 -49 30 36
-3 -2 -3 -7 14 4 5 34
7 16 3 -4 2 -18 -18 2
-10 -27 -3 9 23 8 -6 12
-33 -22 -2 -2 9 12 -14 -79
41 48 17 4 -6 20 69 2
28 15 -1 -3 -18 -40 -8 -48
-25 -16 -3 -2 9 1 -19 62
-30 -45 -11 -4 -2 9 4 40
9 16 7 -3 2 -5 -21 84
-4 -6 0 1 -19 14 7 47
-20 -7 -3 -3 0 -3 24 -32
43 3 1 -9 -3 -21 -33 35
-14 -32 -11 -2 4 -11 2 -101
13 9 7 4 -3 25 4 35
20 14 -1 1 5 0 4 74
-13 4 1 3 -2 9 32 -11
-23 -9 -5 -6 -15 30 -14 -67
-2 -11 -2 0 -2 -8 -4 -32
6 6 1 3 20 4 19 -6
-11 13 0 -4 -12 13 -20 -84
-10 -3 0 4 1 -6 -2 -5
-4 -20 -7 -10 -24 -52 -17 -24
24 -11 -4 2 15 22 60 35
-16 18 1 4 17 5 13 -75
-10 -14 -5 -6 15 -8 -14 -32
9 6 3 -1 -55 25 -25 9
11 2 -7 -11 -11 -36 27 4
1 -25 -17 -12 -10 -75 -47 64
7 2 3 5 1 7 0 -13
-25 -12 -4 2 18 -1 -20 31
-24 8 0 0 -12 8 -23 1
-10 27 11 1 6 23 52 -33
6 -16 -5 -2 4 -18 -4 30
31 27 -3 -5 -6 -2 -12 104
-4 -9 0 -2 -12 -22 -107 -50
-8 -9 1 6 21 -7 -10 -12
-19 -3 -1 -3 -10 -51 -25 21
-23 33 1 -3 2 10 23 -98
-57 -31 -5 -4 -4 25 -38 -67
57 33 5 7 11 39 -28 127
-11 -5 8 8 4 28 11 -78
-31 -26 -5 2 12 -47 45 -71
6 23 12 14 25 38 63 -28
-13 -16 -7 -6 -4 14 6 -22
61 0 -8 -7 -29 34 -62 -4
-14 -11 1 5 39 25 18 -11
13 6 1 1 -34 21 -2 62
-37 -13 4 1 0 -19 29 7
13 6 -5 -7 0 -22 5 40
5 -9 -3 -2 -4 4 -57 -61
-25 -23 -8 3 22 -14 15 49
67 17 6 7 -27 29 -46 68
-15 17 -2 -5 -5 1 5 67
18 2 0 -4 -9 -2 -27 18
-14 2 -6 -9 -3 -36 -9 -60
9 -22 -8 -16 -25 -24 -33 59
24 13 4 7 9 -8 92 -4
19 -1 -3 -2 11 7 -20 109
-14 -5 2 -2 21 -7 -42 -37
-12 -42 -16 -22 -71 -29 -3 -24
-19 8 0 8 8 20 -80 -11
10 -5 2 6 2 42 24 -21
-14 -19 1 6 21 -27 -9 -53
37 30 1 6 31 -18 4 37
-9 -18 4 -4 -11 2 56 -7
-8 8 -1 3 1 11 29 45
39 8 3 -4 -16 -33 34 37
-14 24 7 11 33 10 8 -71
-4 2 0 -3 -17 -3 34 48
-7 3 8 8 15 0 1 -23
19 -3 -5 0 0 36 53 85
-70 -45 -5 -6 -4 -35 30 -57
60 47 2 4 37 3 -15 29
9 -15 -6 -3 -10 3 26 63
-21 -9 -5 -19 -73 -64 -74 -34
-32 -1 -4 2 3 7 -61 -69
-43 -16 0 0 -4 0 -10 -35
12 5 1 4 13 18 -1 -6
27 15 -2 -2 10 -31 -20 -24
-22 -32 -1 6 13 11 8 92
-32 1 6 -12 -19 -15 40 -95
46 20 -8 -5 -12 -6 -11 8
2 -8 0 6 9 33 9 55
-5 -31 -12 -14 -10 -37 18 5
-8 2 0 2 1 -15 0 28
-32 -6 -3 -2 1 -12 6 -36
7 -16 -2 -2 -13 17 -16 -21
34 30 5 9 22 14 56 4
-12 -19 -4 -5 7 -13 -42 -90
-34 -35 -5 -7 -15 -27 1 4
36 23 0 2 13 28 -8 -105
5 49 10 4 -1 -6 6 18
-2 -21 -6 -5 -17 -28 26 40
29 3 7 12 19 20 -6 18
-24 -7 3 -2 -11 25 29 -32
-5 19 5 18 34 79 77 -50
19 10 5 -2 5 -60 24 -16
-28 -30 -17 -7 -13 -30 -13 31
-17 -2 0 -5 2 3 -9 -3
43 24 -2 -6 -9 -7 -52 -62
5 -7 2 0 -1 24 -17 82
-11 -7 8 4 9 9 -34 -38
-24 -8 -11 -6 6 -23 -12 0
18 1 -4 -8 -22 -49 -14 -8
7 4 -1 -2 -19 19 -22 14
41 -8 0 -2 4 29 -12 63
-33 10 -1 2 12 -7 22 8
3 -14 2 6 5 14 25 44
-37 -33 -12 -5 2 9 29 -103
-21 50 6 0 -5 13 28 10
29 12 1 -13 -25 -45 50 47
-32 -22 -10 -3 8 0 30 -67
-5 -22 -3 1 -17 18 -22 8
7 11 -8 -5 22 14 -5 -71
-8 8 0 -1 -26 -40 -32 -37
-31 6 -2 -4 6 31 -51 -28
-1 -2 -1 -3 5 13 -19 33
26 -23 1 3 -3 -7 9 14
45 59 11 9 16 13 -69 13
-8 -20 -1 -2 -10 55 6 40
18 -3 -6 6 1 22 10 27
-69 6 -5 -8 -11 -11 69 -101
-13 -6 -1 -1 12 14 40 -27
-6 -1 7 12 17 30 -8 46
-1 13 -2 -4 4 -2 -29 24
30 6 5 1 -12 -19 -3 2
-41 -41 -7 9 24 20 -6 -33
-7 9 1 -5 -4 -45 1 35
32 7 1 -4 -25 -35 18 1
-9 -28 -17 -17 -14 -40 -28 26
-39 16 3 -1 0 21 -46 -78
52 5 0 -1 6 10 17 71
-21 5 7 3 -1 -5 -27 -54
29 18 19 13 11 29 16 1
-6 -29 -13 -6 -2 -33 62 76
68 26 -3 -5 -12 -20 -36 24
-15 3 3 0 14 31 -26 -89
29 32 -1 1 23 -30 18 -28
28 -6 -1 -11 -14 -39 7 41
-57 -11 -5 -5 -17 -14 -39 23
-29 -17 -3 7 18 35 39 34
-22 -9 -7 -11 -7 -79 -34 13
51 -3 -4 1 4 7 14 -27
-37 19 -1 1 -2 -23 21 -22
34 16 1 -8 -41 4 21 71
-29 1 -2 2 9 -38 -5 63
4 -4 6 5 7 27 -18 12
4 -9 5 -3 -3 7 -4 16
-14 -16 -6 7 19 39 -10 26
25 23 16 -9 -23 -8 10 -31
26 33 3 3 -4 8 4 -4
-27 -24 1 7 27 18 3 -60
26 17 -3 -11 -35 -24 -9 14
11 -23 -14 6 1 39 -28 -81
7 22 4 -3 -29 12 5 26
33 -4 4 -5 13 -31 -9 71
-6 -4 0 4 13 -3 23 18
-41 -28 -14 -3 11 32 23 -47
2 49 2 -5 -41 9 15 21
4 -10 -2 1 1 -10 -23 -33
-33 -41 -9 -9 6 0 -5 -49
14 5 1 9 15 20 3 -47
29 3 -5 -10 4 -37 12 25
5 -24 -5 0 -11 -12 -24 -64
1 -4 -5 -10 -7 -22 -56 71
-7 5 1 4 -8 32 57 -2
-28 -26 -5 2 21 12 -5 -30
36 24 3 2 -6 -5 -29 33
-27 -3 6 0 13 -65 33 -1
19 -4 -5 -15 -65 -14 -38 51
-4 -26 12 8 11 28 34 64
-23 -17 -10 0 14 4 -7 -7
18 36 1 4 8 8 -15 -16
22 16 15 14 11 55 15 7
-1 1 0 -1 -1 -3 -2 -1
-2 -2 -1 -2 -1 0 -1 -2
-1 -2 -3 -1 -1 0 0 0
0 0 -1 -1 -1 -1 0 0
0 -2 0 0 0 -1 1 -1
-1 -1 -1 -2 1 -2 1 0
0 -2 0 0 0 2 -3 -1
-1 -1 -1 -1 -1 1 -1 -1
0 -1 -3 -2 -1 -1 -1 -1
0 -2 0 -1 -2 0 -1 -1
0 0 1 -2 0 -2 -1 -2
0 0 -1 -1 -1 -3 -2 -1
-1 -1 0 -1 0 -1 0 -1
0 0 -3 1 -1 -1 0 -2
-1 1 -2 -1 -1 0 -1 1
-2 -1 0 -1 -2 0 -1 0
-2 -1 -3 0 -4 -2 0 -1
0 2 -1 0 0 -1 -2 0
-3 -2 -1 -1 -1 -3 0 0
1 -3 -1 -1 -1 -2 -1 -3
-1 -1 -2 0 0 0 0 -2
-1 -1 -1 -2 -1 -3 0 0
-1 -1 0 -2 0 1 0 -1
0 1 -1 -2 -2 -2 0 0
-1 -1 -2 -3 -1 -3 -1 -2
-1 1 0 -1 -1 -1 -1 0
-2 -2 -1 -1 -1 -1 0 0
-2 -2 -1 -2 -1 0 -2 -1
0 0 -1 0 0 -2 -1 1
0 -1 -1 -1 -1 -1 -2 -3
-2 0 -1 -1 0 2 -1 -2
-2 -1 1 0 -1 1 -1 -1
1 -1 -1 -1 -1 -3 -1 -2
-1 -2 -1 -1 -2 -3 -1 0
0 -2 -2 1 -1 0 -1 0
-2 0 0 -1 0 0 -2 1
-2 -1 -2 0 -2 -1 -1 -1
-1 1 -2 -1 -2 -2 1 0
-1 1 0 -1 -1 -1 0 -1
-1 -1 0 -1 -1 -2 0 -1
0 -1 0 0 0 0 -1 -2
-1 -2 0 -1 -1 -1 -2 -2
0 -1 0 0 0 0 0 0
0 0 -3 0 -1 -2 1 -1
0 -1 -1 -2 0 -2 -1 1
-1 -2 -1 -1 -2 0 -1 0
0 -1 1 0 0 -2 -2 -2
-1 -1 0 -1 -2 1 -1 0
-2 0 -1 0 -1 -1 1 -1
-2 -1 -1 0 -1 -1 0 -1
-2 -1 -2 0 -1 -1 -2 -2
0 0 -2 -2 -1 -2 -1 -2
0 -2 -1 0 -1 0 -2 0
1 -1 0 -1 -1 -2 0 1
-1 -1 1 -2 -2 -1 1 -1
1 0 -1 1 -1 1 -2 -2
0 0 -1 -1 -2 -3 1 -2
1 0 -2 -1 -1 0 0 -2
-1 -1 -4 -2 -2 -1 -2 -1
1 -1 -3 -1 -1 -2 0 0
-3 0 -2 1 -2 -1 -1 -1
-1 -2 1 1 -1 -1 0 -3
-1 -1 -1 0 -2 -1 -2 -1
0 -1 0 0 -2 -4 -1 -2
0 1 0 -1 -2 -2 -1 0
-2 -1 -1 -1 0 0 -2 -1
0 0 -1 -1 0 1 0 1
-1 -3 0 -2 -1 -3 -2 0
0 -1 0 -2 -1 -1 0 -1
0 0 -1 -2 -2 -3 1 0
0 0 -1 -2 -1 -1 -2 -2
-2 0 -3 -2 0 -2 -3 -1
-1 -1 0 0 -1 -2 0 -2
-3 -1 -2 -1 0 -1 -2 -1
-1 -2 -1 -2 -2 -2 0 -1
0 0 0 0 0 -3 0 0
-3 -2 -1 0 0 0 -3 -1
-1 1 -1 1 -2 0 -2 0
-1 -1 0 0 0 -4 -1 -1
-2 -2 -1 0 -1 -2 0 0
0 -1 0 -1 -2 -3 0 -1
-1 0 -1 -1 -1 -1 -2 -1
0 0 0 -1 -1 0 -1 0
-1 1 0 -1 0 -1 -1 -1
0 -1 -1 1 -1 -3 -1 0
0 -2 -3 0 -1 2 -1 -2
0 -1 -1 -1 0 -3 -2 -2
-1 -2 0 -1 -2 0 -1 -2
-1 0 -1 -1 -2 -1 -2 -2
-1 -1 0 -1 0 -2 -1 0
-2 0 -2 -1 0 0 -2 0
-3 -2 -2 -2 -1 0 -2 -1
-2 -1 0 0 -1 -3 -2 0
-1 -4 -1 1 0 -1 -1 -2
1 -1 -1 0 -1 -1 -1 -2
1 -1 -2 -2 -1 -1 0 0
0 1 -1 -2 -1 0 -1 -1
-1 -1 -2 -1 -1 -2 -1 -1
0 -1 -1 0 -1 -3 -1 -1
-2 -1 -2 1 0 -1 -1 -1
-1 0 0 -1 0 -2 -2 -1
1 0 -1 0 -1 -1 0 -1
-3 -1 0 0 -1 -1 0 0
0 -2 -1 -2 0 -1 0 -1
-1 -3 -3 -3 -1 -2 1 -1
0 -1 1 -2 -1 -1 -1 -2
-1 0 -1 -1 -2 -1 1 -2
-1 0 0 -1 -1 -1 -1 0
-1 -2 -1 0 -2 -3 -1 -2
-2 -3 -2 0 -1 -1 -1 0
-2 -2 -1 -2 -1 -1 -1 -1
0 -1 -1 -1 -2 -2 -2 -3
-1 1 -2 -2 -1 0 -2 -1
-1 -1 0 -3 -2 -3 -1 0
-2 -2 -1 -1 -2 0 -1 0
-1 -1 -2 0 1 -2 -1 -3
2 -1 -1 0 -1 -1 -1 -1
0 1 0 0 0 -1 0 -1
0 0 0 -2 0 -2 -1 -3
0 -1 -1 -2 -4 -1 -1 -2
-2 -1 0 -3 -1 -1 -1 -1
-3 1 0 -1 0 -1 -1 -1
-1 -2 -1 -1 2 1 -1 -1
1 0 0 0 -1 -1 -1 0
0 -1 -2 0 -1 1 -1 0
-2 -2 -1 -1 -1 -3 -1 -1
-2 0 -1 0 -1 -1 -2 -1
0 -1 0 0 0 -1 -2 -1
-1 -1 -1 -2 -1 0 -2 0
0 -2 -1 0 0 1 -1 -1
0 0 -2 1 -2 -2 -1 -1
-1 -1 -2 0 -1 -3 -1 0
-3 -1 -1 1 -1 0 -1 0
-2 0 -1 -2 -2 0 -3 -3
2 -1 0 -1 -1 -3 1 0
0 0 1 -1 0 0 1 -1
-1 -3 -1 1 -2 -4 0 -1
-1 -1 -1 -3 -2 -3 0 0
-2 -2 -1 -1 -2 -2 -1 0
-1 0 -1 -1 -1 -2 -1 0
-2 -1 -1 0 1 -1 -1 -2
-1 0 0 0 1 -1 -2 0
0 1 1 -1 0 -1 -1 -3
0 0 -1 -1 -1 -2 -1 -1
0 -1 0 -2 -2 -1 -2 -2
2 -1 -2 0 -2 -1 -1 -1
-1 0 0 -2 -3 -3 -2 0
-2 1 -2 0 0 -2 -1 0
-2 -2 -1 0 -2 2 -1 1
0 0 -1 -1 -2 -1 -1 -1
-1 -2 -1 -1 0 -2 -2 -1
0 -2 -1 -1 -1 -1 -1 -1
0 0 -3 0 0 -2 -1 0
-1 -1 -2 2 1 0 0 -1
-1 0 -2 1 -1 -1 1 -2
0 1 0 -1 -1 -2 -1 -1
-1 -1 -2 -2 0 -3 -2 0
-1 0 0 0 -3 -1 -2 -1
-2 0 -3 -1 0 -1 0 0
-1 -1 -1 -1 -1 -3 -1 -1
0 -1 0 -1 -2 -3 -1 -1
1 -2 -1 -1 -1 -2 -1 -2
0 -2 -1 0 -1 2 4 1
-1 0 0 -2 -2 -4 1 -1
-1 2 -1 -3 -1 0 -7 -2
0 -1 -3 -1 -2 -2 1 -1
-1 -2 0 0 -1 -2 -3 -2
-1 -1 1 1 1 2 3 -1
-1 -1 -1 0 0 -2 2 -2
-1 0 -1 -1 0 -1 -3 -1
-2 -1 -1 -1 -1 -1 1 0
-1 -2 1 -1 -1 0 1 -1
0 -1 1 0 -1 -1 -5 -1
-1 -1 -2 -2 -1 -2 1 -1
0 -1 -1 -2 -1 -1 -1 0
-2 -1 -1 -1 -2 -3 -6 -1
1 -2 -1 -1 0 -1 3 1
-1 -1 -1 -1 -1 0 0 -1
-1 0 0 -1 -2 -4 -4 -1
-3 -1 -1 -1 -2 -1 -1 0
-1 -1 -1 -1 -1 0 1 -2
-2 -1 1 0 0 -2 -3 1
0 -1 -2 -1 0 -2 -2 -2
0 -1 -1 -1 0 0 -3 -1
-1 0 0 0 -2 -1 0 -1
-1 0 0 -1 -1 -1 -1 -2
-1 -1 1 1 0 -1 2 -1
0 -2 -1 0 -2 -1 0 -1
-1 0 -1 -1 -1 -3 -2 -1
0 -2 1 -2 0 -3 0 -1
-2 -1 -2 -1 -2 -2 -2 -2
0 0 -2 -1 0 -2 -2 -1
-1 1 0 -1 0 -1 0 -1
-1 -1 -1 0 -2 0 -1 -1
3 -2 -2 -2 -1 -2 1 0
-1 -1 -1 0 -1 -2 4 -2
-1 -2 -2 -1 -1 -1 -6 -2
-3 0 -2 -2 1 0 0 0
-2 -1 -2 -1 -2 0 0 -1
1 -2 0 -1 0 1 3 -2
-1 -1 1 1 1 1 -1 -2
0 -2 -1 -1 0 -7 -5 -1
-2 0 -1 -2 -1 1 0 -2
0 0 0 -2 -2 1 -3 -2
0 0 -1 -1 -4 -1 1 -1
1 0 0 -1 0 0 0 -1
-2 -1 0 -2 1 -1 -2 -1
0 -1 0 -2 0 -2 -3 -1
-2 -3 -1 -2 0 -1 1 1
-1 -2 -1 -2 0 -2 0 -1
0 1 -1 -1 -1 -2 -1 0
-1 0 -1 -1 -1 -1 -3 -2
-1 -1 -1 -1 -1 -1 0 0
-1 0 -2 -1 -1 -2 -1 1
0 -2 0 -2 -1 -2 -1 -1
0 -1 -1 0 1 -2 -2 1
1 -1 -1 0 0 -3 1 -1
-1 -1 -1 0 -3 1 -1 0
-1 0 0 -2 -1 0 -3 -1
-2 0 -2 0 -1 -3 -1 0
-1 -1 -2 -2 -1 2 -1 -2
-1 1 -1 -1 -2 -3 -3 -2
-1 0 0 -1 -2 -3 0 -1
-2 0 -2 -2 -1 0 -2 -1
0 -1 -1 -1 -1 -2 -1 -1
0 -1 -2 -2 -1 0 -2 0
0 0 -2 1 -1 0 1 1
0 -1 0 -2 0 -1 2 -2
1 -2 -1 -1 -3 -8 -3 -1
-2 -1 2 -1 1 0 -1 0
0 -1 0 -1 -1 -2 -4 -1
1 -1 -2 0 -2 -1 -2 0
0 0 0 0 0 2 1 -1
-1 0 -1 -1 -1 0 -1 -2
-1 -3 -2 -1 -1 -5 -1 -2
-1 -1 -1 0 -1 -2 -2 -1
-1 -1 -1 -1 -1 0 1 1
-1 0 -2 -1 0 0 0 2
-1 -2 0 -1 -1 -2 -2 -2
-1 -1 0 -2 -1 -1 0 -1
-3 -1 -1 -2 -2 -1 -2 0
0 0 -1 0 -1 0 0 -1
-1 -1 1 0 -1 -1 -1 0
0 -2 -2 -2 -1 -4 -2 -1
-1 -2 -1 0 1 0 -1 0
-1 -3 0 1 -1 0 -1 0
-1 -2 0 -1 -1 -2 -2 -1
-1 0 1 0 -2 0 0 0
-1 -1 -1 0 -1 0 -1 -1
-1 -1 -2 -1 0 -1 -1 -2
-1 -1 -1 -2 0 -1 -2 -1
-1 0 -1 0 -2 0 -2 0
-2 -1 0 -1 -2 0 -1 -1
-2 -1 0 -1 -1 -3 -1 0
-1 -2 -2 1 -1 -1 2 0
0 -1 -3 -2 0 -2 -1 -2
0 0 0 -2 -3 -3 -1 -1
0 -2 -2 0 -2 0 0 -3
-1 0 0 0 0 0 0 -2
-1 -1 -2 0 -1 -1 -2 -1
-1 -1 1 -1 -1 0 0 1
0 -2 -2 -1 -2 -3 -2 -1
-1 -1 -2 -1 -2 -2 -1 0
-1 -1 -1 0 -1 -2 0 -1
0 -2 -4 -2 0 -3 1 -2
-2 -1 2 -2 0 0 -1 -2
0 -2 -1 -2 0 1 -1 0
-2 -2 0 -1 -1 -1 -2 -1
-1 -1 -1 0 -1 -3 0 -3
1 1 -1 -1 -1 -2 -2 -2
-1 1 0 0 -2 -1 -2 -2
-1 2 0 -1 -1 -1 -1 -2
-1 -2 1 0 0 1 -2 -2
-1 -4 -2 0 -2 -1 0 0
-1 -2 -2 -1 0 0 -1 1
-2 1 -1 -2 -2 -1 -1 0
-1 -2 -2 -1 -1 1 -2 -2
0 0 0 -1 -1 -4 4 0
-2 -2 0 -1 0 -2 -17 -2
-2 -1 -2 1 -1 -1 2 -2
-1 0 -2 0 -2 -1 -2 -1
0 0 0 -1 0 1 -1 -1
1 0 0 -1 0 0 5 -1
1 -3 0 0 -1 1 -3 0
0 0 0 0 -2 0 -2 -1
-1 0 -1 -1 -1 0 0 -2
-1 -1 -1 0 -1 1 2 0
0 -3 -1 0 0 -3 -1 -2
-3 -1 -2 -1 1 -2 3 1
-1 -2 -2 -2 -2 0 -1 -1
-1 -1 -2 -1 -1 0 1 0
1 -1 -1 0 -1 -2 0 0
1 0 -1 -1 -2 1 -3 -3
0 -1 0 0 -2 0 -3 0
0 -2 -1 0 -2 -2 0 -1
-2 0 -1 -1 1 -3 0 1
1 0 -2 1 -1 -2 -1 -2
-1 0 0 0 0 0 -2 -2
-1 -3 -1 -3 -3 0 2 -2
0 -2 -1 -1 -2 -2 -1 -3
-2 0 -3 -2 -1 -1 -1 0
0 -1 -2 -1 1 1 -2 0
0 0 -1 -1 -1 -2 -1 -1
-2 0 -3 -2 0 0 0 0
-1 -1 -1 -2 -2 0 0 -2
-1 0 -1 0 -2 0 0 -1
-1 -1 0 -1 0 -3 0 -1
-1 -3 -2 -1 -2 1 -1 -1
-1 -1 -1 1 -1 -1 -1 -1
0 0 0 -2 -1 -2 -1 0
-1 -1 -1 -2 -1 -1 -1 -1
-1 -2 -1 -1 0 0 -2 -1
1 -1 -1 -4 -1 -1 0 0
-2 0 -1 -2 -1 -1 -1 -2
-1 0 1 -2 0 -2 -1 1
-1 -3 -2 0 -1 0 -2 -2
-1 0 1 -1 -1 1 1 -2
-2 -2 0 -1 -2 -1 0 -1
0 -2 -2 0 0 -2 -1 1
-1 -1 -1 0 0 0 -1 0
-1 -2 -2 -1 0 1 -2 -1
1 0 -1 0 -1 0 -1 -2
-1 1 1 -2 -1 0 1 -1
1 -1 1 -1 -2 -2 0 -1
-2 -1 0 0 -1 -2 -2 0
0 -1 -1 0 -1 -1 0 -2
-3 1 -1 1 1 -1 -2 -1
-1 -1 -1 -1 -1 -2 -1 0
0 -2 -1 -2 0 -3 -1 0
-1 -1 -1 -3 1 -1 -2 0
-2 0 -1 -2 -2 -1 -1 0
-2 -2 -2 0 -2 -3 0 -1
-2 -1 -2 0 0 -2 -2 0
-1 0 -1 -1 -3 0 0 0
1 -1 -2 -2 -1 -1 -1 -2
-1 0 0 -1 0 1 -2 -2
0 0 1 1 -2 -1 -1 -1
-2 -1 -1 -1 0 -2 0 0
-2 -1 0 -1 -1 -1 -2 0
0 -1 0 -1 -1 -1 -1 -1
-1 -1 -1 0 -2 -1 0 0
-1 -1 -3 0 -1 0 0 -1
-1 -3 -2 0 0 0 2 0
0 1 -3 -1 -2 -1 0 2
-2 -1 -1 -3 -4 -4 -1 -1
-1 -1 -1 1 0 -3 -3 -3
-2 -1 0 0 -1 -1 -2 -2
-1 0 -1 -1 0 0 -1 -1
-2 1 -1 -1 2 -1 -2 0
-2 1 0 -1 -2 0 -2 1
0 -2 0 0 -2 -1 1 -1
0 -1 0 0 -1 -2 0 -2
-1 0 0 0 0 1 -1 -1
-1 -2 -2 -1 -2 -2 -1 -1
1 -1 -2 -1 -2 -2 1 -1
0 1 0 -2 -1 0 -2 0
0 -2 -3 -2 0 -2 1 0
-1 -2 -1 0 0 0 -1 -1
0 0 -1 -1 -1 0 -1 1
-1 -3 -1 0 -2 -1 -1 -2
1 0 -1 -1 0 0 -2 -1
-1 -1 -1 -1 -1 -2 0 -2
-1 0 -1 0 -2 -3 -1 0
-1 -1 -2 -1 -1 -1 -1 0
-1 -1 -1 0 0 1 -2 -1
1 -1 -1 0 -3 0 0 0
-2 -2 -2 -1 -3 -1 -1 -1
-1 1 0 -1 -2 -1 1 -1
-2 -2 1 -1 0 0 0 -2
1 0 -1 -1 0 -1 0 1
-3 -1 -3 1 2 -1 0 0
0 0 1 0 -1 -1 -1 0
0 1 0 0 -2 -1 -1 0
-1 1 -2 0 0 -1 0 -2
0 -2 -1 -1 0 -1 -2 -2
-2 0 -1 -2 -1 -1 -2 0
-1 -1 -1 -3 -3 0 0 -1
1 -2 0 -1 0 -2 1 -2
-1 -1 0 -1 -1 -1 0 -1
0 -3 -1 0 -1 -2 0 -1
-1 -1 -3 1 -2 -3 0 0
-1 -1 -2 0 -2 -1 -2 1
-1 0 0 0 -1 0 -1 -1
0 -1 -1 0 -1 -1 0 -1
-1 1 -1 0 -1 0 -1 -1
-1 -1 -1 -1 0 -2 0 0
-2 -1 -3 0 -2 -1 -1 0
-2 0 -2 -2 -1 -3 0 -1
0 -1 -1 -3 -1 0 -1 -1
-1 -2 1 -2 -1 0 0 -1
-1 0 -2 -2 0 -3 0 0
0 -2 -1 0 0 0 0 -2
-1 -1 -1 0 -1 -4 0 -1
-1 -2 -2 -2 0 1 -1 1
0 -1 -1 -2 0 -1 -1 1
-1 -2 -2 0 -2 -3 -2 -1
1 -1 -4 0 0 -2 -1 -1
-2 0 0 1 0 0 -1 -2
-1 -3 1 0 -1 0 1 1
-2 -1 0 -2 -2 1 0 -1
0 -1 2 -2 -2 1 0 -1
-1 0 -2 0 -1 -2 -2 -1
0 -1 -1 -1 -1 -2 -1 0
-1 -1 -2 -1 0 -2 -1 -1
-2 0 1 -2 -1 -2 1 0
0 0 -1 -2 -1 0 0 -2
-1 1 -1 -1 -1 0 -1 -1
1 -1 -1 -3 -2 -1 -1 0
0 -2 -1 -1 0 -3 -1 -1
0 0 1 -1 -1 -3 -1 -1
-1 -1 -1 -1 0 -1 -1 -2
-1 -2 -2 -1 -1 -3 -1 -1
1 0 -3 0 -1 -4 -2 -1
-1 -2 -1 -2 -1 -1 0 0
-1 -2 -2 -2 -2 0 2 -2
0 0 -1 0 -3 -2 -2 0
-2 0 -1 0 -1 1 0 1
0 -3 0 -1 -1 -1 -3 0
0 -1 0 -2 0 -2 -2 -1
0 -1 -2 -1 1 1 3 -1
0 -1 -2 0 -1 -1 -1 -2
-1 0 0 -1 -3 -2 0 -1
1 0 -1 0 -1 0 -2 0
-3 0 -1 -1 0 -1 -2 -2
0 -1 0 0 -1 1 -1 -1
1 -1 -1 0 0 -1 0 -1
-1 -3 -1 -2 -1 0 0 -1
2 -1 1 1 0 -1 -2 1
-1 -1 1 -1 -2 -1 -1 -1
-2 -3 -2 -2 -1 -1 -2 -1
0 -1 0 -1 -1 -2 0 -1
0 -2 -1 -1 -1 -1 0 -1
0 0 -2 -2 -1 -1 -2 0
-1 0 0 1 0 0 0 -1
-1 0 -1 -2 -2 -2 -1 0
-1 -1 0 -1 0 -3 -1 0
0 -1 -2 -1 0 -2 -1 -1
-2 -1 -2 -1 -2 -1 -2 1
-2 0 0 -2 -1 2 -1 0
-1 0 -2 -1 0 0 -1 0
0 -1 -1 -1 0 -1 0 -2
-1 -2 -3 0 -1 -2 0 -1
-1 -2 0 2 0 -4 -2 -1
-1 -1 -2 -2 -1 0 -1 -1
-2 -1 1 1 -1 -2 0 -2
1 -1 -1 0 -2 1 -1 -2
-1 -1 -1 0 0 0 -2 -1
0 -1 -1 0 0 1 -1 -2
1 -1 -3 -2 -1 -2 1 -1
0 1 -2 -3 0 -1 0 -1
-1 0 -1 -2 0 -2 -2 0
-1 0 -2 0 -2 -2 0 -1
-2 -3 -1 0 -2 -1 -1 -1
-2 -1 0 -1 0 -1 -1 -1
-1 -2 0 -1 -1 -2 0 0
-1 -3 -1 -1 -2 0 -1 -1
-1 -2 -1 0 -1 0 1 1
-1 1 -1 1 -3 -3 -1 0
-1 -1 -4 0 -1 -2 0 -2
0 0 -1 -2 -2 -3 0 0
-1 -1 -2 1 0 1 -1 -2
0 -1 0 -1 -1 1 0 0
-2 1 -2 -1 -2 -3 0 -1
-1 -2 -1 1 -1 -2 1 -2
-1 -1 -2 -1 -1 -1 -2 0
-1 0 -2 0 1 -4 0 0
0 1 0 -1 -1 -3 0 -1
0 -1 0 -1 -2 -1 -2 -1
-3 -2 -1 0 -1 0 0 0
1 -2 -1 0 -1 -2 0 0
-1 0 -2 -1 -2 -2 -1 -2
-1 0 -2 -1 -1 -1 -1 -1
0 0 0 -2 -3 -1 -1 -2
0 -4 0 0 0 0 -1 0
-1 -2 -1 -1 1 1 0 0
-1 -1 -1 -2 0 -3 0 -1
-1 -2 0 -2 -1 -2 -1 -1
-2 -1 -1 -1 -1 -4 0 -1
-1 -2 -1 -1 -1 -2 0 -1
-1 -1 1 0 1 0 -2 0
0 0 1 -1 -1 0 -1 0
0 -1 -1 -1 -1 -2 0 -1
-1 -1 -1 0 -2 -2 -1 -1
-2 -1 -1 0 0 -1 0 -1
0 0 -1 -2 -1 -1 0 0
-3 0 -1 -2 -1 0 -1 -1
-2 0 -1 1 0 -1 1 2
-1 -1 -2 -2 -2 0 -1 -3
1 -2 -2 -1 0 -1 -2 0
0 -1 -1 -2 -1 -3 -3 0
0 0 -1 -1 -1 -1 -2 -1
-1 -1 -1 -1 -2 0 -1 0
-1 -2 -2 0 -2 0 -3 -1
-1 -3 -3 -2 0 -3 -1 -1
-1 -2 0 0 -2 -2 1 -3
-2 -2 -1 0 0 3 2 1
0 -2 -1 -2 0 -1 0 -3
-2 -1 0 -1 0 -4 -6 -2
1 -1 -1 -2 -2 -1 -2 0
0 -1 -1 0 -1 -1 -1 -1
