-4 -4 -4 -1 -20 -22 -1 0
-12 1 -20 -10 22 1 1 -8
-1 -3 -11 -23 -7 8 -8 -3
3 3 24 11 -27 -40 -2 0
10 9 9 12 29 34 -1 1
-2 -5 -1 14 4 35 6 1
-4 -8 -14 9 54 -34 -7 -1
-4 -5 -16 -26 -39 -13 -5 -2
-5 -1 2 -15 -51 -14 -2 -4
5 0 -4 2 11 13 2 5
0 -1 3 4 15 21 7 0
1 1 0 2 -7 0 -2 0
-4 -6 -1 4 6 -26 -2 -1
0 0 3 -4 9 15 -1 -1
2 4 8 -3 -34 -4 0 -2
-3 -2 -1 11 40 12 4 -2
-1 -2 -4 -6 0 12 3 1
1 2 4 -2 -20 -15 -5 -3
-2 1 2 5 5 -7 -1 -1
-2 -1 -5 1 11 3 2 2
-2 1 13 18 12 -34 1 -1
-1 -1 -3 -3 4 6 -1 0
1 3 2 -3 6 13 -1 -1
-2 -2 -8 -5 -11 7 0 -1
1 1 7 10 26 -13 -1 1
-2 -2 1 -7 -4 5 1 -2
-3 -2 -2 0 -4 5 -3 -2
-1 -3 -4 -3 8 7 -2 -2
1 6 -1 -4 -10 5 0 0
0 0 -1 2 -1 -17 1 -1
0 1 1 0 4 12 -3 -1
-1 0 2 0 -8 -30 -3 -2
-1 -1 -2 -7 -8 2 -1 -1
-1 -1 0 7 22 10 1 1
-6 -4 -11 -20 -27 -18 -3 -2
1 -1 3 11 -6 -2 -7 -2
-2 -5 -17 3 -12 -2 5 -1
1 6 27 0 14 -12 -2 0
1 2 5 1 10 6 -6 -1
-3 -4 -9 -4 -3 3 2 1
-8 -9 -16 -13 -5 18 -2 -4
3 -5 -13 -2 -6 -7 3 0
2 -1 0 4 0 6 2 2
-3 0 -4 -14 -1 10 10 -1
3 1 14 12 1 -4 -9 0
0 -3 -4 0 -11 -24 -5 -1
0 -2 -4 -9 6 22 6 0
8 0 5 29 8 18 -7 4
-5 5 16 -17 -12 -14 5 -8
-8 -5 -3 -6 -1 -10 -12 -8
0 -2 -6 -11 -15 -20 10 2
5 0 -5 -6 11 3 0 2
15 2 -5 -8 5 14 16 10
-2 3 -1 13 -4 2 -8 -7
-12 -1 2 13 16 3 26 5
-5 -1 3 1 1 -45 -13 -4
-5 -4 0 4 5 -7 -39 -21
4 -4 -19 -23 -3 17 -10 5
8 3 9 29 31 13 22 11
16 8 12 35 21 26 61 24
-11 -9 -8 -19 6 -7 -16 -18
-18 -7 -14 -42 -35 -24 -34 -18
9 11 12 22 32 21 -12 5
0 1 4 25 11 0 5 1
-2 -7 0 -14 -41 -7 -61 -12
-5 -7 -1 21 70 -8 37 10
1 0 -3 -17 41 3 -45 3
-2 -2 -3 -19 -8 -23 -60 -13
5 8 22 97 60 97 60 9
4 2 -10 -92 -48 -10 38 2
-14 -10 -14 60 60 -60 -71 -17
2 3 -1 -8 0 48 53 7
5 -4 -9 -6 -37 -14 42 -18
4 -2 -1 -5 11 -3 26 -21
23 3 -1 -15 -25 30 -3 23
-27 -20 -9 12 68 -64 20 -18
-10 5 1 -42 -65 -76 -78 -29
17 -3 2 31 -16 46 -45 0
-31 11 23 32 65 53 12 -27
-12 -7 -9 -38 -24 -10 -65 -14
-9 -7 -3 1 51 -4 90 19
31 19 16 40 -46 2 -37 14
50 9 -12 -14 -21 68 110 100
-17 -10 -10 19 81 -66 26 -62
4 -1 -16 -51 -36 -53 111 24
16 -2 39 30 -93 -21 101 16
-24 -1 -2 -20 34 62 -2 -18
22 9 -4 7 40 -15 -17 11
24 -7 -45 -23 -31 18 -1 24
3 22 68 55 -20 12 -13 -1
4 -2 -14 -27 -49 -70 73 -35
32 -19 -36 -28 -12 18 7 10
-43 -16 -22 54 70 17 -90 -32
30 31 37 -55 52 20 86 32
-100 -67 -57 -74 -93 -126 -46 -76
85 43 47 44 61 88 -26 43
-25 -11 -23 4 42 46 21 14
9 7 30 59 98 -11 -67 23
63 7 -11 -36 -12 23 74 -33
-102 -64 -44 -19 -31 -30 -1 -36
63 15 16 12 1 -32 9 54
8 18 23 18 38 -23 -33 8
47 49 4 -6 -87 -5 -75 16
32 26 11 -30 -55 56 12 -4
-73 -19 94 103 102 -81 -34 -46
-12 -39 -104 -3 -78 -31 39 -1
-36 25 96 59 91 -31 25 -46
41 20 -48 -36 -6 -14 92 79
-37 4 -27 -77 -94 8 -36 -36
27 -2 -82 -43 57 25 87 -6
76 -48 -70 -30 -55 40 -46 22
-123 -18 67 104 29 -49 97 -113
-14 13 -7 -40 50 19 54 9
-15 -20 -42 -82 8 55 53 5
33 16 21 54 38 61 15 61
50 16 -22 -6 -9 -45 25 46
16 -25 11 52 -17 30 93 -30
16 10 6 -52 -1 -35 -68 -10
-94 -8 38 -73 -8 -35 -47 -15
-16 -17 -57 4 23 30 -67 13
22 53 91 8 -41 3 -25 57
23 -23 -14 50 -33 1 -128 -78
42 7 -29 16 49 -38 22 24
-66 9 20 -23 -100 15 -14 -61
5 -11 -75 -32 74 83 41 67
33 5 4 19 -10 9 34 10
-64 -30 6 -73 -112 -21 -23 -36
73 11 -6 16 64 19 27 -3
-42 -1 -1 31 89 42 16 62
24 10 13 -10 -95 -73 37 49
-80 -26 -16 74 95 -14 16 -77
27 -6 4 -85 32 6 -22 87
24 -16 -3 -14 -120 -81 27 -79
-41 0 -17 51 115 31 -27 -13
44 13 -10 -11 -4 -51 78 118
56 27 31 -20 -10 15 -59 -3
85 21 35 -23 -25 88 -66 0
-72 -47 -17 -7 6 -81 -23 26
-7 1 -19 -18 -69 52 -19 -73
66 0 23 38 3 103 103 69
-61 -42 -85 -87 -55 -128 -109 -102
31 24 3 5 -21 -7 17 -97
-14 -4 -23 80 127 -14 77 20
6 -9 -44 -47 -56 8 43 41
64 14 9 -13 -96 -14 68 81
-65 -17 -22 -26 61 -64 -95 -74
-26 1 69 21 -29 -55 18 14
-30 -32 -78 -29 -13 44 -68 -52
27 31 62 43 42 31 8 42
49 2 -31 -28 -48 -25 111 45
-22 -13 21 -33 -4 -37 -30 12
-33 -4 -2 -15 -3 -51 19 -36
1 17 -19 2 36 -28 -77 -45
54 0 28 77 77 80 14 55
42 -22 -128 -83 -111 56 57 -58
-37 54 122 117 -45 -86 -76 -25
-22 -16 -78 -19 63 -57 116 50
-55 -13 -70 -30 20 95 4 -32
10 10 31 64 49 49 9 7
13 -24 -10 -13 -61 -32 12 30
32 26 29 -31 1 -39 -102 -77
23 7 56 -2 -33 42 32 117
14 -6 16 -13 47 29 -65 -62
-95 -24 -50 -24 -2 -70 4 -46
62 20 92 102 -8 1 -19 61
-73 -17 -21 -40 -11 -62 14 -25
52 26 39 14 -74 27 -28 57
37 -17 -42 -4 57 62 31 13
-9 -21 -77 -20 32 53 -57 -48
-49 26 114 77 10 -73 -13 -17
35 4 -4 -44 -35 -41 16 42
71 9 16 20 77 89 -3 38
-97 -57 -62 39 1 -43 23 16
-14 23 -8 -56 -64 -29 -75 -31
-1 -11 -9 67 49 -55 31 20
25 21 34 -34 -8 74 31 10
43 -12 -25 -46 -70 0 49 -39
-19 -26 -73 -27 17 12 -59 -59
-35 8 25 32 -58 -53 50 -6
19 6 17 -15 18 81 -64 28
9 22 -16 21 119 127 47 -6
-12 -4 60 53 -10 -79 -49 -16
62 9 -36 -51 72 120 17 42
-19 -18 -39 -16 40 -27 9 -47
-40 4 78 46 55 -46 -48 -25
28 39 18 60 114 127 72 24
-14 5 -3 8 103 29 -32 12
-12 -2 29 7 -89 -91 -22 -79
11 1 -24 -44 10 11 68 85
89 -30 -50 15 -60 2 40 -39
-73 -9 3 -80 7 -65 -64 -28
-16 -9 -5 25 -40 -99 64 14
-22 -6 16 20 -34 -14 3 -34
18 -7 -36 -16 0 27 55 36
35 -8 11 31 -11 14 25 -33
-10 40 46 -22 -6 -59 -22 -13
42 -25 -25 16 -13 13 33 50
-66 -3 -27 -101 -59 -31 -39 -2
-51 -9 -40 46 5 51 36 23
12 12 21 15 40 -12 -75 50
12 23 10 -56 -66 -31 -5 -74
9 -28 -5 3 13 -21 76 19
3 -1 6 11 -22 70 -66 -45
-10 3 -3 15 1 -9 1 -1
-6 -3 -33 -11 -12 -23 -56 10
-11 4 -21 -33 22 49 -8 11
24 12 -29 5 -42 -29 68 62
-11 14 80 91 16 -94 -22 -70
2 8 -15 -35 -14 -4 4 0
7 -2 36 40 9 -11 -38 15
44 3 -21 2 30 34 5 -82
-60 -37 -34 -47 -18 -3 55 35
30 21 -16 -7 1 -2 -71 -2
11 2 27 28 -9 -30 28 23
-33 23 20 -7 -34 -70 22 12
8 -32 -72 -20 3 28 3 1
-25 7 61 -1 27 -2 25 -9
32 -12 -40 -40 17 25 10 23
20 -11 14 43 -22 -10 18 -8
-47 -6 -29 -9 28 -12 28 9
-13 6 16 -31 -44 36 -10 23
-23 6 5 21 18 59 28 -20
22 4 5 -23 6 21 11 20
61 -5 -13 -6 -25 27 16 7
-38 12 -9 31 53 -33 21 -46
33 -4 -13 -11 -33 -3 -56 35
-41 -3 71 82 99 -21 10 -45
20 22 1 -94 -107 3 -13 28
10 -9 -36 7 34 -21 -73 -1
-1 17 17 0 -37 9 31 -17
16 -27 -28 -14 57 -17 -27 45
-17 -6 -15 26 -61 -27 -65 -19
-8 14 40 19 23 5 6 -5
-20 -14 0 11 -31 1 2 -29
-11 -16 -23 -22 -27 -8 -14 -1
11 12 -8 -18 33 13 54 -4
10 -5 -20 -16 -24 -37 -5 8
-16 -7 -41 -20 17 10 39 30
5 2 24 -3 -37 -64 -6 8
10 -15 -15 -6 -3 68 -12 -6
-14 17 21 85 14 -94 36 -5
0 4 -5 -28 24 19 -68 1
9 -28 -24 -91 -113 -40 36 2
-11 6 -20 13 89 73 -18 -3
48 -42 -60 -31 -4 94 22 58
-83 33 78 44 -27 -111 -74 -65
-8 -8 -36 10 14 33 25 -13
26 -4 11 -16 33 -65 8 48
-25 14 -4 -12 44 127 15 -38
21 -18 15 36 102 -5 24 16
12 14 -3 -16 -41 71 22 7
12 -7 -29 41 41 -11 34 -4
17 -4 23 -95 -70 -73 60 -10
-3 11 -77 -46 23 5 0 3
-41 15 90 86 21 -90 -69 -38
-16 2 -6 21 -2 -8 -3 -14
-1 2 -26 -28 55 -6 -31 0
43 4 44 53 -21 49 36 12
-59 -20 -64 -74 -32 -43 -57 -41
4 10 40 19 6 -30 -18 -1
38 -13 -9 63 -5 -55 18 22
-23 9 16 -60 -2 -9 -12 -53
21 -15 -16 -2 -36 25 -81 32
-40 20 43 5 23 5 40 -28
-5 -8 -2 41 -68 -34 -7 10
35 0 -25 9 30 26 -39 12
24 25 56 2 9 57 48 21
-9 -17 -51 -16 17 -5 9 11
-9 10 -1 -20 -60 -20 15 20
25 15 31 23 26 23 79 -7
0 -7 -13 -13 64 -1 -40 28
5 -31 -2 -11 -77 29 84 31
-31 38 18 -11 20 -23 10 -8
5 -6 4 30 6 62 39 15
25 -7 -59 -26 22 -11 -21 -13
0 7 32 -6 -28 -32 79 23
-16 -16 -22 -77 -28 -34 -45 1
-81 -26 12 8 -99 -128 -54 -60
35 1 -7 57 76 94 69 32
8 -4 -43 43 45 4 -68 -31
1 41 120 -48 -8 -60 65 -7
9 -12 -44 14 116 93 -2 22
4 -10 -24 -24 50 31 37 -9
1 19 30 34 -3 99 -65 -18
-2 -28 -35 27 62 42 -6 9
-12 -13 0 -30 -70 -5 7 4
-12 29 25 4 -41 -55 -61 -51
-5 -26 -11 -36 61 6 56 11
18 12 3 32 -28 24 -127 -15
-13 1 -6 -56 -54 11 92 11
-21 -6 -4 34 4 -24 26 -1
13 3 -42 -41 -8 1 -110 -25
18 -33 18 53 100 -9 63 27
-15 -15 -22 -37 2 19 -71 -6
-14 10 4 -22 -56 -79 -81 1
-4 0 0 15 15 -29 29 -29
19 8 11 47 107 34 49 4
-10 14 4 -24 -36 72 69 -20
11 -10 2 -63 -69 -8 12 30
8 9 62 63 12 6 66 36
26 -35 -74 9 -26 5 65 50
-49 51 54 18 58 -39 -54 -44
-45 -27 -26 -43 -50 29 20 -16
9 9 -1 -29 12 -49 26 -1
12 15 4 66 -23 -15 23 9
22 -48 -95 -33 10 39 26 21
1 25 71 42 -51 -18 -42 -26
12 -3 -1 -6 -2 48 15 24
-16 7 -17 -9 -8 2 -7 -44
3 -15 -39 -16 1 -34 -50 -4
-27 1 1 56 40 -34 57 -24
2 -4 -9 -77 -61 -76 -57 -6
-30 -26 -35 44 44 79 -3 -27
33 4 75 -9 -51 -60 -48 -3
20 20 13 1 54 -12 72 17
-26 0 -25 12 19 41 -10 -20
13 -12 -18 -92 -49 41 -3 49
-22 -19 -3 2 -50 -107 -27 37
-22 12 -32 -28 -17 15 37 -36
37 31 119 99 27 -14 -45 9
2 -13 -37 -45 -59 21 -84 -40
-15 -10 -20 5 82 22 78 54
8 -9 -11 -15 9 -1 31 22
18 -23 -48 -28 -51 -67 42 -34
-81 49 35 -10 -78 -91 -30 -38
63 5 9 1 47 79 -44 1
16 -20 8 79 6 49 -38 35
-47 6 67 20 23 -42 5 -6
11 -7 8 2 -1 -68 -56 -6
15 8 -28 5 4 33 50 16
32 -9 -52 19 66 15 -26 10
41 35 1 -33 2 72 88 7
-88 22 68 63 -1 -122 -30 -51
-27 -9 -20 -12 -23 43 6 1
56 -16 -53 -62 2 35 -38 -29
54 -14 -28 8 5 -23 22 35
-21 -4 -8 11 -47 -45 55 -28
-42 16 45 23 -4 -128 10 -16
-11 -2 28 -2 15 47 17 5
72 -3 -99 -37 7 119 -38 18
-36 -7 21 29 -17 -26 -5 7
-19 -15 -3 14 -9 -96 -105 -62
15 16 6 4 -19 24 -19 31
-37 4 -8 -42 -20 -40 -22 18
53 -10 -17 -43 86 98 11 41
64 -10 -6 45 15 83 106 26
-80 -18 -23 -12 5 22 -70 -33
-44 21 72 68 49 -70 -111 -19
-18 -5 -31 -58 -60 -12 -13 -23
23 -15 -16 22 19 74 20 3
76 20 -9 16 30 91 68 43
-81 -15 -21 -13 -4 -72 -60 -73
9 26 33 -64 0 -4 105 27
9 -3 15 -26 -15 18 -76 -27
38 -21 10 16 -94 -98 4 37
-84 -9 -34 -72 25 -19 84 -29
11 8 28 72 22 -73 -100 8
14 -11 -17 9 -10 35 49 0
-19 21 9 -51 -6 -1 -76 9
14 -13 -3 53 -29 -11 35 1
46 7 -2 -98 10 106 68 9
-44 -6 -4 -1 12 -93 1 -2
-8 5 31 25 46 -28 8 -8
-14 -16 -31 -9 -40 38 -22 33
9 7 -18 -18 31 127 84 -7
66 22 35 47 6 37 63 12
12 -4 92 51 30 -69 -47 -20
-33 -5 -37 -12 -1 -33 24 3
38 -8 -46 -1 69 119 32 -4
-70 -22 3 -33 34 -115 -72 -8
-1 -18 -54 20 -37 47 93 -17
8 46 91 -9 -12 -48 45 23
4 -28 -15 11 3 -15 7 6
23 22 -4 -41 11 87 -9 11
-8 -15 -64 4 10 -35 27 6
63 -51 21 29 18 0 -46 3
-101 54 81 70 -100 -127 12 -15
65 29 8 7 43 98 64 1
-11 16 -15 -43 -19 67 90 48
34 -9 -29 2 31 45 -34 -3
-2 -62 -26 -53 11 -50 2 -14
-27 -5 -23 26 -32 -73 53 22
2 46 25 6 -25 8 -41 -47
-26 4 -11 -22 -15 19 71 -4
21 -26 0 30 53 33 -40 -16
-1 -14 -41 49 -16 -7 -124 36
25 23 46 -26 24 29 32 1
-78 19 -15 -59 -42 -21 -12 -60
18 22 9 39 6 -51 -8 2
8 -17 -10 -37 38 41 37 10
24 -41 -38 -21 -14 22 -75 -15
53 -47 -63 -12 49 118 -63 35
-3 50 -23 -21 -78 -46 -18 26
-40 20 101 72 -30 -128 60 6
-11 7 -73 -71 15 10 32 3
-13 30 52 10 16 -74 1 -36
33 -54 -59 -36 4 127 43 11
11 33 23 -10 -41 9 -47 -12
-10 -71 -42 44 10 -66 24 -26
-36 65 31 -61 -32 1 108 -1
60 -27 -54 -38 -11 10 -54 18
-62 72 91 73 -7 -120 65 -28
-16 -11 -13 -10 53 41 -69 -13
36 21 6 33 -8 31 25 16
-8 15 11 -46 3 -6 -59 -9
-1 -76 -5 -40 -28 -42 -17 -30
-31 -14 -6 -6 -27 -6 -60 -10
15 21 -3 8 -37 -55 -29 29
-23 -26 -23 7 -8 -86 4 -42
44 -40 -10 -10 62 68 -5 19
-8 37 3 10 25 4 -17 20
-55 31 0 -40 -50 3 -20 7
11 11 43 48 37 72 44 7
28 -18 -91 -58 7 107 -54 -12
15 -7 41 -18 -34 -82 12 33
19 -4 11 56 20 16 -14 -23
-21 33 -4 23 19 -8 -16 11
-42 8 -37 -59 6 -19 -32 -16
-15 -16 63 74 -12 -1 22 -4
14 -22 -19 -7 36 44 -27 -1
5 -37 12 -4 -8 28 55 13
7 -6 -3 -61 36 75 14 10
17 -34 21 26 9 -77 -29 -9
-23 47 -30 -59 -76 -41 -33 -2
-23 -51 -13 90 56 2 48 -16
14 -20 -37 -70 -114 10 108 25
-4 35 80 36 20 -9 -17 -16
6 -57 -33 -1 6 -35 114 19
24 18 -11 -20 -61 73 -31 4
-46 -14 4 41 1 -55 -4 1
-43 -7 -64 -61 -71 4 32 -33
26 -24 19 28 31 -39 60 -27
-41 51 -3 2 -7 -35 25 43
17 -5 0 -15 12 75 -32 -17
-4 9 41 51 29 -40 69 1
-7 30 -18 -13 41 70 -29 14
35 -12 1 -11 -11 -29 -96 -23
28 -17 6 33 -4 19 15 18
-11 -57 -94 -80 18 14 55 -16
-23 73 32 77 12 -46 -74 -21
-1 23 10 -8 -35 -51 -54 -7
-16 -48 7 -31 24 -8 -11 -8
12 11 -12 19 -20 78 47 17
27 -35 -15 -4 -11 -31 18 -15
15 8 -35 19 17 47 -40 11
-16 61 9 4 -8 37 -50 -22
-7 -14 0 5 1 -50 41 -5
-10 -8 -30 -29 16 33 -7 6
7 -21 34 20 14 -4 21 -1
-10 -73 -72 -30 15 8 48 -12
64 14 -46 -90 1 83 -63 41
-41 77 112 112 -44 -56 -60 -22
-46 -2 20 -51 9 -66 22 -19
13 -3 3 52 0 31 -6 12
4 13 34 -9 17 10 -2 7
24 -52 -61 -44 7 -21 -18 13
9 -72 -61 -18 29 -2 95 21
18 93 75 69 15 6 49 -2
-33 35 44 -32 -81 -89 -49 -5
13 -39 -33 -57 12 48 120 18
-29 -9 14 23 45 -53 -43 1
-5 0 -48 -21 28 69 -82 -6
23 -20 -20 19 0 -13 6 8
15 -30 -9 9 -4 63 -14 -6
35 47 23 -51 12 2 12 -7
-14 3 60 79 0 -53 55 11
-18 10 9 -34 15 -39 -30 -19
-23 36 26 70 3 -25 -6 19
18 10 -11 1 18 16 1 43
7 -25 -45 -73 -19 68 -32 -46
-22 7 -25 -31 -2 15 16 5
6 -20 -9 22 -2 -11 -22 3
13 1 -38 -10 -20 52 13 -5
-7 -1 10 18 -25 -34 -38 -3
-23 -41 -38 -36 22 3 -39 1
-3 22 -47 -43 -12 17 -4 4
15 29 51 24 -27 -45 -6 -3
-30 -10 -37 -55 -40 -18 -2 -9
5 -36 -36 89 50 43 23 18
12 19 64 -14 -31 -64 -11 -8
14 -5 -4 -25 -14 27 69 -22
9 0 5 37 -7 -40 -7 0
-39 -19 -26 17 10 -26 -13 -22
10 10 25 -38 17 17 42 15
-1 -22 -38 -12 24 -18 7 -4
3 13 65 49 3 -16 6 8
18 37 10 27 1 40 -33 -5
0 -10 1 8 -13 -47 -22 10
6 17 6 -67 -62 -22 -41 -37
-2 -23 -44 -2 35 23 49 8
-11 49 39 8 -89 -54 -42 -10
-5 -16 -31 -11 31 127 16 -6
-4 -8 11 -7 25 -6 -62 5
1 -12 -27 -9 -28 -35 48 -6
13 6 30 -11 -1 -22 38 12
12 -14 -5 -30 -9 -43 -64 -24
-31 29 -6 34 -30 53 -4 -6
4 32 -34 -40 14 -21 -10 6
-6 -52 -27 6 50 34 -5 -8
5 -33 29 19 6 -33 -9 -7
-2 0 -9 -63 5 -1 76 91
0 63 8 -9 -8 -22 60 73
4 111 56 79 88 105 -8 -48
-10 75 -52 -80 -39 -33 -64 -8
-28 126 -40 -22 46 110 34 -12
8 64 -20 38 86 -94 -49 -34
2 -86 33 -29 -1 109 92 55
-6 -81 -24 90 87 -106 -24 -12
21 -112 49 107 63 12 -6 -9
-1 -48 -20 -122 -101 5 -11 12
8 -89 22 107 68 -1 -2 2
18 -100 12 -21 15 53 54 34
-18 94 -1 21 10 26 -33 -43
-5 37 14 57 72 60 -30 -29
7 -73 -15 -128 -122 -128 -7 12
-1 19 20 87 37 85 51 8
2 -4 -14 -64 -96 -57 -17 0
-22 28 -25 -49 -53 -17 -25 -22
-1 28 4 -27 19 -96 -80 -16
-20 58 6 103 107 77 -12 -6
21 -109 19 -66 -69 28 26 14
-17 74 -11 38 16 -37 -28 -28
-1 65 -17 -80 -83 -77 -4 1
-2 43 24 66 103 87 25 4
-4 42 -13 -83 -105 51 24 1
7 29 11 51 124 105 6 -7
-10 -3 -25 -74 -80 -43 0 22
-25 9 -31 91 91 -107 -76 -33
5 18 17 63 6 -44 8 6
6 3 7 -69 1 42 46 15
-14 -9 -47 -82 -73 75 -51 -35
-3 -2 15 56 27 67 2 13
2 -8 15 10 -1 8 0 5
0 6 -16 50 65 -34 -12 0
12 -6 24 15 8 -1 19 3
17 -6 27 46 71 35 40 23
-9 -2 -25 55 75 -37 -53 -26
-18 4 -19 -19 39 -74 -48 -13
2 -3 20 119 75 86 1 -4
11 -10 33 55 54 71 27 5
-2 2 -17 -73 -49 -19 12 24
-2 2 0 -22 0 14 0 -32
7 -10 29 107 127 50 39 6
-9 2 -28 -128 -20 -23 -47 -10
-20 -1 -28 -24 -47 61 -37 -41
-1 6 2 61 70 16 8 22
14 -4 33 74 71 33 29 10
-5 -2 -32 -93 -100 -87 -4 -20
3 -4 -4 -21 25 -20 9 52
-24 4 -28 16 41 69 -31 -49
15 -2 15 56 83 0 -21 2
9 -8 26 -28 -3 -55 7 -2
-12 3 -23 -15 -41 -72 -23 -17
14 -3 11 14 -52 -55 13 19
2 -4 21 54 -5 -1 7 7
-38 2 -84 -80 -62 -50 -59 -36
33 -4 64 127 127 79 65 16
8 -1 0 30 12 29 -19 2
-10 1 -10 2 45 61 8 -2
3 2 9 38 -16 -4 12 8
1 -2 6 15 117 -16 21 -1
-19 2 -29 -98 -128 -61 -20 -7
-13 -2 -30 -38 46 -12 -34 -14
5 -2 -4 -72 -76 127 41 12
9 -1 10 -10 54 -8 7 7
2 -4 16 111 127 -23 -19 -13
-6 -3 7 46 9 -8 15 10
14 -5 21 46 54 -62 4 21
-17 -3 -18 -86 -90 4 -36 -25
-10 1 -65 -128 -120 -110 -31 -6
3 0 8 37 60 16 15 -1
8 -6 17 45 96 77 30 8
-18 -2 -50 -89 -60 -92 -76 -28
7 -2 37 112 114 127 40 18
21 -1 -5 -128 -92 -78 1 12
-27 3 -48 51 12 -42 -37 -25
20 2 46 17 97 67 28 9
25 0 53 79 51 105 69 34
-20 1 -46 67 59 -14 -16 -13
8 -3 17 96 127 14 -4 4
4 2 28 116 103 92 38 12
-14 -3 -28 -43 -60 -89 -52 -20
2 -2 16 8 66 55 23 6
11 1 19 -11 97 14 34 17
-26 4 -58 -10 103 29 -52 -29
9 -2 58 80 69 75 32 14
-10 -2 -18 -109 -40 -58 -30 1
4 2 -23 -22 21 -74 -33 -20
17 -5 30 -50 19 69 44 23
-6 -2 -19 78 16 -25 -18 -16
-13 0 -9 -15 6 -5 -3 -14
2 -3 22 57 46 21 14 8
14 7 18 10 -11 14 22 10
0 -1 -7 -100 -44 -35 -10 -1
-5 2 -5 127 115 -13 9 -6
3 2 6 -9 8 21 7 4
16 -6 26 79 69 -15 19 12
-23 -1 -52 -8 57 35 -24 -13
3 -3 18 84 75 -60 -11 -4
3 1 13 -18 -49 46 5 2
8 2 22 -19 22 27 36 15
-8 -2 -2 83 3 -11 -10 -6
0 -3 -4 -65 -75 -19 -4 1
1 1 -10 -70 -24 -7 3 1
-25 -5 -46 -20 -81 -93 -40 -26
10 4 9 -7 76 -89 -3 9
4 0 10 -35 -13 74 15 1
4 -4 20 56 -25 39 9 5
-6 3 -11 21 20 12 -5 -3
6 0 5 -45 -43 24 14 7
2 -4 3 -30 30 7 -4 -1
-1 0 -3 -21 -2 -9 4 1
-14 -2 -24 -40 1 72 -13 -15
-2 0 -7 -65 -47 -38 -8 -12
16 -2 24 36 127 40 27 28
-16 3 -27 -40 -95 -51 -29 -18
2 2 2 38 61 41 4 -2
14 1 36 57 101 89 41 21
-15 0 -24 -26 -13 -67 -27 -18
0 1 -1 -6 -35 -19 -1 1
9 3 26 96 -18 -23 11 12
-5 -5 -11 57 81 34 -5 -3
12 -2 9 19 -25 -1 11 7
12 0 22 31 127 68 28 16
-20 -2 -23 21 22 -94 -33 -23
8 -2 20 -9 50 47 21 11
-2 1 -7 -50 -109 -39 -11 -4
-3 -2 12 118 94 8 6 -1
-1 -5 -32 -128 -126 -93 -25 -2
-16 1 -14 55 39 -23 -18 -12
2 -3 19 102 92 49 9 1
4 -1 5 -23 86 8 1 3
-9 0 -9 60 83 -3 -12 -9
-4 -1 -14 -44 -61 -78 -8 -3
3 3 -15 -68 -10 72 8 3
-12 -8 -6 14 -107 -36 -17 -11
8 3 31 8 31 27 9 5
5 -1 1 -84 -114 18 11 10
-3 -2 -11 13 58 -49 5 0
-2 -4 -22 4 41 21 -12 -4
-3 -1 -12 -33 -36 33 10 1
0 -1 -4 -28 -33 29 -5 0
8 0 24 37 44 4 15 10
-12 0 -41 -100 -57 -24 -27 -15
6 -8 19 101 127 18 9 4
16 -3 37 83 115 83 43 21
-44 -3 -100 -108 -85 -108 -90 -46
-3 4 13 93 59 -4 1 -2
6 4 4 9 -31 -29 -4 2
3 -3 8 -37 -5 -4 7 5
-12 -2 -21 -80 -33 -9 -9 -9
8 0 18 46 58 -17 1 2
-16 -1 -43 -84 -43 -45 -23 -13
-3 -1 2 92 11 -33 -1 -3
4 -2 13 -13 -88 -13 6 1
-6 -4 -4 -41 45 -2 2 -1
14 1 2 -42 -63 -90 -8 7
-1 -1 11 52 84 9 -13 -3
-16 -1 -14 93 13 -41 -26 -20
8 -2 12 38 51 17 18 9
12 -2 42 79 108 100 30 15
-12 -3 -20 -24 -17 -62 -20 -11
7 0 17 53 119 34 14 6
16 2 31 44 16 48 32 18
-29 -3 -74 -23 -18 -81 -50 -30
0 -1 -7 18 74 -14 -4 -5
16 -3 32 52 104 66 28 13
1 1 -5 -48 -69 -30 0 3
-1 2 36 104 105 52 17 4
4 1 -9 -107 -84 -36 -4 1
-18 0 -44 -49 -3 -60 -34 -19
2 2 3 62 43 -15 -4 -3
6 0 18 15 12 40 12 2
0 -2 14 65 25 4 3 2
0 2 18 -8 -70 -23 1 2
-8 -3 -17 -24 -56 -15 1 -1
2 3 4 29 72 64 2 -1
8 2 6 -17 9 7 8 7
-5 -2 -4 -68 -32 4 -5 -5
-2 -4 -8 19 48 -4 3 -1
-3 -1 4 -10 10 17 7 3
1 1 4 -24 -78 50 14 3
9 1 10 4 65 69 10 9
-14 0 -28 -33 -2 -56 -32 -17
-3 -2 1 -9 21 -2 1 -1
-1 -5 8 5 95 55 10 1
-13 -3 -34 -61 -54 -55 -37 -17
-10 3 -15 53 61 0 -13 -8
16 1 27 72 50 40 26 14
-17 0 -38 -48 -17 -88 -21 -11
10 1 22 12 51 70 24 12
10 -5 22 -18 -24 33 18 9
-12 0 -20 89 94 -34 -10 -8
-12 -1 -19 -44 -31 -11 -20 -14
12 -3 30 64 113 16 17 11
3 -2 14 -55 -16 45 16 6
-3 0 -16 29 60 16 -1 -2
9 0 13 52 4 6 12 8
-1 3 5 127 107 31 6 2
-4 1 4 0 21 -17 -18 -6
7 -6 12 -61 -45 26 6 6
3 -2 15 78 33 16 3 1
2 0 -10 -85 1 33 2 1
0 4 -6 7 77 -19 3 0
2 -3 3 -26 -39 2 6 5
-8 0 -14 -66 -5 -37 -21 -7
12 3 41 127 124 45 24 12
-27 -3 -57 19 35 -69 -45 -28
-7 -4 -4 -37 0 18 -4 -7
9 1 10 68 71 39 13 6
3 -3 6 -62 -6 -4 9 7
-7 -4 -5 36 37 -9 -7 -8
4 -4 16 44 65 17 -1 2
9 3 16 42 55 24 23 9
-9 -2 -40 -122 -59 -83 -24 -10
0 -6 9 43 36 49 -8 -2
2 2 6 -7 -15 -5 8 3
-7 -2 0 36 90 20 -7 -7
-2 2 -14 -78 -128 -58 -11 -5
8 0 14 -7 31 59 20 11
-3 -2 -2 1 34 10 0 -2
-12 -4 -36 -128 -124 -66 -33 -13
1 -2 25 127 75 -15 9 1
3 -3 5 -34 106 47 12 6
1 -1 6 47 16 -10 1 1
0 0 -17 -86 -25 6 -7 -4
-3 -4 21 113 58 -45 0 0
-1 1 -4 -16 -6 -67 -9 -2
2 0 -3 58 108 -8 12 7
-4 -2 8 30 28 19 4 1
2 2 -1 -15 2 -7 -5 -2
10 -4 18 -16 -76 24 15 10
1 3 -1 23 45 -26 -10 -3
-14 -4 -28 -18 -47 -74 -28 -16
-1 0 -10 -24 5 42 9 1
9 2 19 -21 -7 -14 8 8
4 -2 1 13 17 33 21 7
2 -2 11 111 63 45 3 1
3 0 2 16 67 38 -3 -1
-5 5 -9 -16 -41 -70 -14 -8
2 -3 16 -5 -64 10 7 4
1 2 -7 -5 106 -36 -4 2
-9 0 2 92 105 6 -5 -7
5 -4 -4 18 79 -4 9 6
2 -3 5 -9 -10 -7 -3 1
-18 1 -25 -66 -87 -66 -50 -24
-5 -1 -10 -1 -18 -23 -11 -6
7 1 19 -12 -30 34 13 7
-21 1 -49 -52 -111 -99 -53 -28
7 0 11 43 113 23 22 9
12 -4 21 -45 -43 19 32 17
-17 -3 -29 -9 -70 -48 -32 -18
-4 -5 3 -16 32 28 -1 -3
13 -8 6 -5 8 -3 20 11
-3 2 -10 -6 -8 18 4 -2
20 0 36 -12 -7 89 42 23
-10 1 4 95 127 38 -16 -11
1 1 0 10 5 37 8 2
-4 0 -11 -25 46 -4 -5 -5
8 -4 14 43 49 12 21 10
5 1 19 43 42 -56 -12 2
-4 -6 -7 123 124 37 -2 -16
4 2 15 66 35 47 18 16
-1 3 6 57 70 47 -2 0
-5 -6 -39 -117 -53 -70 -22 -7
-6 -2 -8 41 33 23 5 13
-4 -3 -18 -28 9 -75 -25 -34
6 2 16 47 -6 27 18 7
-1 2 -9 32 82 61 7 1
2 1 21 18 0 25 12 -1
8 -3 30 103 96 76 18 18
-18 0 -64 -108 -73 -81 -38 -17
4 0 5 60 76 23 10 -2
9 3 21 28 -2 -3 17 18
-11 1 -15 48 85 40 -8 -5
-10 -1 -17 -24 10 -57 -23 -13
4 -3 15 -14 -65 -5 1 5
-7 1 -34 -100 4 12 -1 -3
-2 -1 -8 -95 -128 4 -1 -1
0 1 6 34 118 3 -7 -8
0 1 6 -5 5 38 9 4
2 -3 -16 -78 -76 -65 -11 -2
-13 -2 -15 34 27 -16 -21 -15
-4 -5 -7 25 32 16 -4 -7
17 -1 37 55 73 12 28 22
-4 -2 -12 -39 7 -5 -5 -3
2 1 -3 -13 48 -16 -2 3
6 -3 24 115 63 48 13 2
-15 2 -27 17 105 21 -6 -14
8 0 15 63 92 21 2 6
1 1 -1 30 43 14 -9 5
-9 -2 -14 -61 -37 -11 -15 -12
-11 -4 -26 -71 -128 -61 -27 5
-6 -1 0 12 34 -21 14 -11
19 -2 37 -24 -3 66 36 23
-12 1 -21 40 36 11 -11 -14
-3 -3 -29 -114 -81 7 -6 1
-12 -1 -28 -89 -71 -37 -17 -4
8 1 19 31 78 26 17 4
11 1 31 1 27 67 23 25
-14 2 -31 -33 2 -57 -27 -26
7 0 25 99 105 32 13 8
6 5 7 -46 2 -5 5 -8
-25 0 -62 -83 -41 -28 -23 -1
6 -3 20 4 42 1 5 3
8 -1 21 1 -26 34 11 2
-8 0 -14 54 52 21 -1 -2
-8 0 -16 -71 -83 -57 -42 -20
10 -1 30 -18 -56 47 20 -1
-5 0 2 79 88 39 3 18
0 -2 -9 -82 42 -28 -9 0
-1 -3 -7 6 -35 -19 3 -6
6 1 6 64 73 26 13 4
5 -2 10 -30 16 43 9 0
1 -3 5 16 -18 13 0 3
15 0 38 23 41 37 24 14
-20 -3 -47 -63 -63 -2 -33 -18
-6 4 0 102 68 0 -9 -10
-3 -1 -10 -15 -47 -47 -3 -1
15 1 29 49 121 93 42 14
-9 2 -24 -54 -36 -5 -29 -11
-3 2 1 -25 -18 -12 -13 -9
-12 -2 -21 -12 18 -6 -13 -13
15 0 30 35 60 -16 23 16
-1 3 -1 55 63 31 3 -2
3 -1 3 -46 -35 -13 -1 0
-2 1 0 31 37 -17 -10 -2
-7 -1 -16 -55 -39 -97 -15 -5
7 -5 23 33 60 8 12 7
-30 -1 -71 -89 -17 -89 -50 -30
6 1 27 127 113 37 14 4
0 -1 2 10 5 -28 -3 0
9 3 12 -22 -60 28 24 11
-3 -3 10 71 52 7 -2 -5
0 3 -3 -25 -67 5 1 2
-8 0 -15 -21 -62 -18 -20 -11
5 0 6 -28 -47 -27 6 4
5 -3 16 79 74 45 13 4
-2 0 -3 18 -27 -17 0 -1
-4 -1 -7 -42 -75 -34 -14 -8
3 2 23 127 127 9 17 7
-1 -2 -14 -106 -119 38 10 2
-7 0 -13 -26 -42 -61 -23 -10
1 0 6 27 95 79 17 5
5 0 10 3 47 -4 1 6
4 1 15 83 101 33 7 1
-16 -5 -46 -108 -76 -60 -25 -16
1 4 -5 -15 -10 -14 -3 -1
-6 1 -1 -12 -60 -61 -12 -6
25 1 45 84 106 4 36 26
-25 -3 -43 44 35 -22 -38 -26
1 -1 8 108 127 56 6 -1
6 -1 10 23 105 24 15 7
-7 0 -5 -68 -60 -17 -9 -5
7 2 18 -14 -35 -37 14 9
-5 -3 -3 24 -46 32 -12 -6
1 0 -6 -17 14 11 8 3
8 -1 17 -66 -55 -4 4 5
13 0 11 -46 5 40 20 13
-14 1 -15 65 -28 -57 -21 -15
3 -1 11 26 41 34 17 5
-5 0 -12 28 35 27 -1 -4
1 2 0 -76 -104 -14 -6 2
6 0 21 40 79 19 21 11
-3 -1 -24 -36 49 7 -17 -7
3 1 6 -8 -38 -9 5 3
-6 0 -8 -33 -7 -10 -13 -5
0 0 6 46 79 16 8 1
-17 -2 -37 -64 -111 -90 -32 -18
4 -4 4 27 88 7 6 2
7 1 13 19 9 -11 -6 3
1 0 -1 -50 -46 -8 -1 1
4 -4 22 67 57 19 11 4
-10 -1 -20 -11 49 -11 -18 -12
1 -2 2 36 69 26 23 8
2 1 -14 -128 -100 -30 -2 1
-5 -2 4 93 55 1 -7 -3
-2 -3 1 -4 -7 4 -7 -2
1 3 7 20 9 8 7 0
-1 0 -6 5 14 -53 -6 -1
6 -2 4 -26 39 29 10 7
-3 -1 -9 -32 -73 -13 -9 -5
-12 -5 -17 73 82 21 -4 -10
4 -2 -2 -14 15 35 1 0
-1 0 1 -37 -56 15 1 1
1 -1 7 16 -47 -15 0 1
-4 -1 -23 -90 -69 -45 -23 -9
-2 0 0 36 75 -3 -1 1
4 -3 13 -6 -24 16 4 4
-4 -2 -16 -21 -6 -1 -5 -3
2 0 10 -36 -98 36 11 3
5 0 11 33 32 -2 7 3
3 -2 6 -13 -30 30 -2 1
-5 -3 -15 -30 -12 -43 -8 -3
7 -1 19 60 71 59 33 12
-2 -4 -5 -17 -18 20 -9 -3
-5 0 -6 -20 24 -41 -13 -7
2 -1 6 9 -51 21 1 3
2 0 5 -62 -56 -15 2 3
-10 0 -19 19 9 -3 -9 -8
-2 -3 -3 7 0 41 7 -2
-2 -1 -11 -12 -24 -66 -18 -6
14 1 22 -69 -84 -23 19 15
-4 4 9 26 -37 -8 1 -1
-6 0 -10 38 104 -9 -8 -5
-2 3 2 19 62 69 11 -3
4 -2 8 70 120 23 6 3
3 0 21 58 14 -25 3 4
-10 -1 -28 -38 32 -21 -13 -10
-2 4 5 48 104 26 2 -1
-2 4 16 72 44 41 4 0
-12 1 -43 -111 -93 -64 -35 -14
-2 -3 0 15 -66 -57 -4 -3
-1 -2 4 29 63 3 -2 1
2 -1 10 60 84 12 -4 -2
-3 0 -20 -99 -41 3 -4 -6
7 -1 8 0 -21 -20 9 7
1 -3 2 -36 32 7 7 4
-10 0 -19 -2 -63 -15 -18 -12
4 3 6 25 21 15 9 2
0 -2 -5 -24 -21 9 4 0
3 0 19 99 77 31 6 3
-8 -2 -16 -46 -3 -59 -16 -8
9 -1 12 -53 -18 13 10 6
-5 0 -6 79 55 -18 -10 -7
7 1 19 53 61 21 11 8
-2 -1 -6 17 19 -49 -4 0
-4 -2 1 23 24 10 -6 -3
-1 -2 1 -55 -78 12 1 2
3 -1 5 45 17 -1 4 1
-6 -1 -9 -59 54 9 -19 -9
-10 -2 -13 24 64 -13 -12 -11
4 -1 15 33 52 65 13 4
1 -1 -13 -65 -70 -34 -2 0
-4 -3 -7 19 34 17 5 -2
9 -3 12 18 58 32 8 7
6 -2 15 43 72 35 19 9
-13 -4 -22 -73 -98 -79 -38 -17
4 -2 10 68 105 47 8 2
1 -2 4 8 -5 -20 6 2
-1 3 2 37 64 28 3 2
-5 -5 -23 -111 -121 -64 -15 -5
3 -5 10 41 40 -23 -3 1
0 -2 0 35 21 21 1 1
-9 -1 -20 -31 38 21 -10 -12
2 -2 7 -13 -42 -2 6 4
3 1 -1 -21 -79 -37 4 5
-2 -2 -7 -36 -19 32 3 -1
4 -1 3 -5 -43 -11 -2 2
-1 -1 2 10 39 33 -2 0
4 1 0 3 -46 0 2 1
7 0 19 66 66 3 24 11
-4 2 -23 -122 -128 -90 -28 -4
-9 -1 -11 93 101 -34 -16 -12
3 -4 -2 -4 -95 38 8 3
1 -3 1 26 65 -3 -7 1
11 -4 18 30 62 -29 11 9
-2 2 8 3 81 83 6 -4
-13 1 -15 -11 61 23 -15 -13
-3 1 -2 14 23 11 6 -2
3 -3 7 18 -1 10 12 7
19 0 40 43 29 50 30 19
-17 1 -32 4 41 -60 -28 -17
-1 0 4 15 59 47 0 0
-5 2 -9 -30 19 -41 -18 -7
3 -3 2 -16 -23 11 8 5
0 -4 14 -15 44 47 8 1
-3 -1 -10 -51 -123 -53 -11 -3
-1 2 -5 -34 -74 -12 1 -1
-10 1 -15 50 70 -10 -12 -11
7 5 9 -7 -25 -16 5 6
-2 3 -4 -14 -52 -4 -7 -3
-4 -5 4 -1 -8 -51 -19 -4
-5 -2 -9 -104 -128 25 -1 -2
-3 -1 3 80 69 -25 -12 -4
-3 -1 -2 16 31 49 8 -1
-6 1 -6 0 -17 -6 -7 -7
-1 -3 -1 -20 -26 -59 -11 1
-4 0 -2 -8 65 -10 -5 -1
-1 -1 0 -6 -39 -6 -2 -4
-1 -2 6 33 28 32 12 0
7 -2 5 13 59 78 23 11
-8 2 -30 -84 -95 -71 -29 -12
-2 -2 3 27 119 2 -2 -2
4 -2 17 115 127 69 18 6
6 -1 2 2 64 -9 9 5
0 -1 10 84 104 87 16 3
-4 3 -3 -22 22 -49 -4 -1
-1 0 -20 -46 10 -79 -28 -6
3 5 13 14 -27 -46 -5 0
5 -2 6 -97 -111 32 12 7
-7 -3 -13 28 62 4 -6 -8
5 -1 14 36 -1 40 22 6
-7 -3 -16 -17 -20 -46 -11 -7
3 -3 10 15 -6 -15 2 1
1 -2 5 -2 -35 25 0 0
-6 -1 -16 -48 -32 -2 -5 -4
1 -2 8 37 27 6 7 1
0 -3 -4 -18 -3 -15 4 2
-5 -3 -12 -50 -92 -29 -7 -3
78 52 13 21 24 55 -17 1
-68 36 -11 -20 -30 71 90 62
23 78 2 15 10 59 6 -29
-71 -63 2 -11 -6 -78 13 4
-67 -43 -6 5 3 6 29 15
-82 63 5 8 10 49 -32 12
-60 -32 -11 -36 -75 -62 0 84
127 -3 -7 4 18 27 90 -75
-100 -3 3 15 17 40 5 -48
105 35 -9 -18 -21 -100 2 92
2 33 11 4 33 -12 -23 -114
-73 28 1 15 8 78 -5 -6
18 -21 -10 -21 -2 -54 -66 -83
-125 -22 -8 10 22 18 -14 42
-80 14 6 6 -5 48 -2 -16
-21 -60 -12 5 1 49 -24 81
76 62 13 14 25 5 -52 -26
-73 6 8 11 18 -35 -74 -36
-47 -63 -23 -28 -5 -82 -92 51
10 27 16 0 -37 -13 39 -58
-100 -34 -10 -7 -26 24 6 3
97 68 6 4 8 49 -39 2
58 -59 -8 -27 -20 -80 -7 -20
-48 3 4 0 21 -21 -77 8
-32 9 -2 -3 17 -21 38 0
-106 -11 7 11 15 37 15 -17
-85 -4 -16 -25 -69 24 -13 27
71 84 14 -1 -7 -45 -42 13
-1 5 3 4 12 -18 -55 -16
-74 6 -2 3 -3 44 9 -69
30 -16 7 10 12 -22 -44 79
-65 -4 -16 -18 -15 -2 45 -113
-69 -12 9 15 35 30 23 11
-21 -74 -22 -15 0 -57 -45 83
30 69 -8 -10 3 -10 -19 24
-80 -3 0 2 2 5 70 -30
-42 59 24 36 36 87 12 11
-5 -19 1 8 -6 -13 -30 -3
-40 -67 -10 3 1 23 51 -1
59 31 20 30 56 25 -71 48
9 0 -21 -50 -53 -90 66 -90
-73 34 9 2 -4 -32 -16 39
62 -43 -2 -2 -5 -13 -44 -87
101 101 8 12 8 18 -13 118
-128 -94 -1 0 -15 -3 22 -34
127 48 12 7 -1 50 -32 -28
-17 -44 -7 -17 1 -115 -19 -47
-128 -58 -13 4 2 35 -71 12
127 78 -22 -46 -78 -101 -44 64
-51 -22 -8 -18 2 -43 89 -53
-128 33 16 38 44 127 10 -38
40 -37 -19 -40 -47 -33 -14 56
-3 -15 -5 -2 1 -32 -3 -11
12 25 15 33 56 64 41 -18
-99 -23 -20 -26 -66 -33 -9 9
56 -20 -6 -15 -36 -67 28 -69
0 1 7 11 -4 -7 13 -5
-43 -32 -11 -11 1 2 -4 39
13 36 15 31 60 74 22 -18
51 -21 2 8 27 8 20 46
-61 -5 -14 -30 -41 -4 -5 -25
-54 21 1 10 6 21 -51 -10
80 39 2 -22 -59 -35 14 -17
-40 -2 0 -4 -1 -36 31 -21
-45 -11 10 21 36 37 -16 7
-59 -6 -4 -10 -19 -8 -13 -36
19 -25 1 -2 5 2 22 22
-25 6 0 4 5 20 -10 11
-79 -49 7 31 43 63 -56 20
44 53 3 -12 -17 -44 -31 76
50 -27 -2 6 36 -44 58 7
-70 -10 4 22 17 47 10 -3
-10 -18 -1 -8 -17 25 23 -28
44 -4 -3 -4 -7 -11 -58 36
-32 46 17 22 40 60 41 23
-125 -87 -13 -11 -5 -35 -47 40
-38 40 2 25 28 33 -41 35
13 -3 -4 -14 -1 -27 16 -37
-4 -22 -3 -9 -18 -32 -3 -29
-98 -7 4 8 3 24 -18 -28
-12 41 7 4 -37 -15 1 101
122 -1 8 6 20 -10 21 64
-5 -7 1 7 40 14 -20 54
-79 -8 -7 -9 -21 -20 -34 -52
123 2 1 -15 7 -29 0 84
59 7 10 8 -5 0 25 -10
-62 24 -10 -22 -58 -24 31 -103
48 11 -2 -2 1 -54 37 -1
33 -12 -9 -9 16 -13 70 45
-85 -8 -3 5 12 27 34 30
41 -21 -8 -13 -8 -51 50 5
18 30 17 24 27 30 -25 -2
16 1 -2 -8 -8 26 27 2
-2 -65 -22 -23 -17 -57 2 -42
-34 28 0 -13 -8 -58 -19 15
5 -16 -2 -11 -15 -10 28 -20
-23 25 6 21 35 29 -97 -1
-19 2 -8 -15 -3 28 50 40
-67 -21 -10 -10 -41 -2 -62 -54
17 3 4 7 34 34 7 15
-59 -20 6 11 -16 37 -58 73
82 6 -8 -16 -32 -51 56 -32
-27 18 10 21 44 21 -16 39
-26 -6 -12 -24 -33 -26 24 -10
-75 -24 -5 5 3 20 -58 -34
66 8 0 8 -2 21 22 64
125 -3 2 -2 0 3 -22 13
-25 -11 6 7 5 22 7 3
34 -2 -22 -41 -68 -68 -42 -99
-48 14 -6 -13 -27 -44 -99 -18
-10 -14 2 13 31 23 -58 63
-38 -9 15 26 3 65 -51 -16
73 61 5 -2 15 -54 84 -11
-11 11 6 12 30 23 51 -107
-12 8 10 31 51 71 -1 -5
-15 -21 -8 -12 -16 -72 -14 -2
-57 -29 -1 10 21 15 6 65
-122 16 -4 0 -29 13 -70 6
9 -3 12 15 43 24 3 0
48 19 -7 -11 -3 4 29 -79
-49 -5 -1 4 8 17 -85 13
-1 -20 -5 -9 0 -44 33 67
-23 -8 -1 0 -4 14 -26 -16
42 25 16 38 74 79 39 107
70 -39 -7 -19 -28 -29 -3 -53
86 51 12 16 8 42 -31 -1
0 15 -7 -12 -13 6 32 11
5 -30 -11 -19 -42 -28 75 28
-14 30 11 10 10 29 10 -3
-101 -22 8 24 58 55 -53 82
71 -3 -12 -28 -52 -89 -62 36
-18 6 -8 -16 -34 -45 2 -82
-94 -12 0 12 33 58 42 -36
4 -16 -20 -49 -60 -92 37 -62
-61 -11 -2 5 24 -4 22 -38
-70 -5 -7 -4 -3 2 -57 -9
39 1 -3 -15 -35 -35 15 -35
82 42 6 4 -3 9 48 -86
-11 -2 -1 1 -9 25 2 9
-13 -4 -8 -21 -16 -37 -32 -3
-62 -12 -4 5 17 -14 38 -19
-19 -16 -1 5 -10 20 -52 36
-31 4 -5 -16 -22 -11 -40 -5
127 36 6 8 1 23 -20 59
15 -9 -5 -10 -30 -45 -6 33
49 18 27 62 89 110 14 20
-11 -41 -11 -6 7 -85 23 -35
68 2 0 3 60 -12 29 3
23 -4 -6 -4 -26 -14 14 -45
-97 -24 -1 -6 -24 -18 6 56
-80 1 4 7 -2 24 5 6
31 5 -3 -7 -7 -5 7 84
60 16 14 22 45 38 37 -79
-36 -45 -5 -1 -4 -29 7 -76
12 0 3 10 9 41 -23 71
-59 -16 -16 -39 -70 -62 15 10
-44 2 3 10 22 19 2 30
30 9 -2 -12 -35 -6 -54 22
1 -3 -2 11 18 37 8 -18
-33 -22 1 0 8 -51 -30 -21
32 38 0 -1 11 3 -20 26
22 -13 -1 2 18 -2 -3 10
-45 -5 -6 2 15 -44 4 -33
4 7 4 11 -15 43 -12 7
-12 -14 -12 -22 -12 -45 14 -128
-44 -13 -1 -3 2 -14 26 26
30 9 -1 -18 -20 -6 17 46
-27 5 -3 -6 0 -7 39 -39
25 -14 -3 -5 -11 -35 -59 47
-116 -26 -10 -2 -24 35 61 -58
113 69 1 -11 -17 -15 10 66
-67 -13 1 4 7 0 27 -63
-72 -13 0 4 5 36 53 26
49 25 -5 -15 -9 -39 -27 36
-5 -13 -2 0 -10 22 11 47
14 -5 -8 -14 -20 -50 -76 -37
30 2 -2 4 7 -1 20 27
-128 -45 -7 -3 -8 6 -18 40
57 8 -4 -12 -51 -27 -9 -14
35 10 7 3 28 10 -7 24
-85 -28 1 6 17 14 -33 -8
81 29 -3 -13 -42 0 -37 6
-33 -12 -1 3 1 -13 15 -43
-54 1 -2 -4 -8 13 -25 36
10 -1 0 -2 -7 -6 -14 -29
-16 -6 1 6 13 15 18 44
119 35 19 19 32 48 18 21
-43 -29 -1 9 16 21 23 -37
-8 40 -3 -19 -23 -12 2 26
117 25 -5 -11 -35 -67 -35 76
-49 -8 6 8 21 35 46 -43
17 -2 -7 -7 -16 -27 -2 -20
-13 2 -1 -2 -7 8 -7 7
-54 4 7 20 35 31 52 -100
-62 -32 -18 -27 -37 -79 -54 18
66 5 7 21 38 41 -31 63
80 24 0 -9 -19 -9 72 -41
-1 -16 -5 -15 -8 -22 -16 2
-99 -23 -3 0 -1 -8 32 -4
-36 21 8 17 14 39 -8 -2
92 1 -10 -29 -30 -97 -7 36
-1 -9 -4 -1 13 3 17 -49
-63 0 6 8 15 47 -6 2
38 3 4 6 0 23 -26 49
45 1 7 10 24 43 -10 18
-14 16 7 9 -18 63 -2 -26
18 -10 -7 -11 -16 -55 6 22
-38 1 -3 -2 4 -4 -9 67
-81 -12 -2 2 12 4 -36 8
29 -14 1 0 13 -1 0 -20
-14 -9 -1 8 5 41 -7 -25
1 36 -7 -16 -25 2 34 -69
56 7 -1 -4 4 -27 36 45
-10 1 2 3 -3 28 26 -1
-27 -18 3 12 29 2 7 14
30 16 -2 -3 -12 -22 18 -26
-47 -18 2 9 7 23 -7 12
-4 5 -6 -5 1 6 0 -55
-8 9 0 -6 0 -12 -11 -13
8 -5 7 13 23 35 -2 7
13 20 -4 -1 1 -10 -24 22
76 -7 -1 -3 -10 -37 4 26
53 8 1 1 1 2 3 -55
12 0 -2 -6 3 -32 23 -16
-77 -35 -16 -22 -34 -60 -13 23
33 18 3 1 4 -2 3 -5
15 18 0 -3 -1 5 -4 77
6 -14 -2 -2 -1 2 0 45
3 5 7 12 2 39 36 -8
-44 7 -5 -21 -40 6 -22 62
-34 -7 -4 -1 1 -23 -24 -16
-29 7 3 3 -1 9 -6 -41
86 2 -1 0 -6 -6 1 -32
-123 -40 -4 -3 8 -5 -23 7
127 73 4 7 7 32 27 25
-30 -15 1 -2 -2 -13 -19 -34
44 -2 7 18 8 36 -14 14
-21 -18 -2 -1 14 -40 -2 -32
-42 -10 1 1 -5 0 -18 52
-9 -6 -5 -9 -28 -4 1 -97
-28 8 2 6 11 27 -33 4
-30 24 -2 -2 -15 45 -18 2
-27 -20 -3 -12 -17 -37 29 -111
10 0 7 16 34 15 -7 56
-14 -3 -7 -11 -6 -14 14 -8
15 4 2 7 28 -10 -1 -48
-52 18 -1 -14 -47 -6 -23 -39
20 -8 -1 -1 1 -6 -3 26
-74 -23 -6 -4 -9 -31 24 -107
5 -5 -1 2 15 -19 21 49
5 3 3 11 15 30 19 -20
6 0 0 -1 -11 33 28 20
-35 -19 -2 1 12 -11 -18 17
53 -1 1 6 7 5 -10 -20
57 1 0 -7 -7 -7 -25 22
-3 10 -4 -8 -7 -14 -10 -8
-59 -6 -1 5 13 27 20 7
-6 9 1 -3 -3 -17 15 -7
-12 -4 -2 -1 -1 8 -54 67
17 -10 -2 -5 -5 -22 21 23
-39 4 12 22 40 51 -7 31
54 -10 -5 -1 8 -34 -23 -73
-32 -24 -5 -3 2 8 -7 15
28 49 13 18 19 44 12 26
-10 -28 -7 -8 4 -34 -25 22
-113 -14 3 10 21 29 18 27
83 47 5 -2 -22 0 -24 13
-59 -44 -13 -17 -15 -47 23 -27
-12 -17 0 4 -4 0 -39 3
50 20 -1 -1 0 5 64 -16
35 12 2 3 21 -15 -4 -24
-83 -25 0 6 32 49 10 80
109 34 2 -14 -26 -14 3 34
-35 -22 -6 -8 -15 -19 -63 56
-90 -26 -7 -2 9 -17 21 21
60 5 5 9 7 20 5 16
38 30 3 3 11 -4 -16 -14
19 13 2 7 0 20 -31 47
5 -29 -2 6 21 17 73 38
-4 27 -3 -8 -36 -1 -34 -24
54 -1 -16 -41 -72 -68 -31 35
31 -5 4 -1 -8 -6 -37 -17
-15 5 -4 -13 -43 -12 -22 2
-39 -18 -11 -12 -1 -44 -8 -13
-15 5 1 14 22 39 11 -92
41 8 -4 -10 -17 -10 9 21
-81 -34 -3 -1 -2 10 18 31
44 45 7 4 8 4 20 -99
50 27 3 -1 -7 10 49 42
-65 -12 -1 4 18 4 -5 -55
-9 -10 -9 -23 -50 -36 -33 25
-39 -30 -7 -6 -4 -32 -32 -19
-14 13 6 5 10 6 -15 15
35 16 -4 -5 -4 -3 -22 47
-7 0 3 6 9 -2 32 -82
-57 -6 4 15 19 72 -46 26
44 -13 -12 -21 -11 -66 79 -53
18 0 6 8 39 19 10 36
-51 -8 0 5 2 7 -16 -47
-29 -4 -12 -27 -69 -38 -10 -70
17 4 1 12 13 26 2 -14
-26 -2 1 0 -12 17 26 31
-54 -19 -1 10 45 21 1 34
66 2 -1 -10 2 -58 27 42
-39 -25 -2 4 0 21 -7 14
-19 9 -2 -5 -14 7 17 -11
-44 -26 -9 -9 -8 -29 -45 -4
78 17 5 3 10 9 17 73
-49 -9 -2 -4 -11 -2 11 25
-113 -30 1 14 22 28 -5 -15
-10 23 5 4 16 21 10 -41
58 -4 -4 -4 -4 -9 47 -10
34 -5 4 7 3 -9 -28 -52
-5 -1 -2 -1 -8 -4 12 7
26 16 0 -10 -28 34 -37 96
-19 -12 -8 -7 -10 -35 18 -39
-93 -6 0 12 34 40 -1 24
59 31 6 5 -23 18 13 -9
-30 -27 -2 -5 1 -48 -32 -32
56 26 1 5 17 17 13 -20
-15 -11 0 -6 -24 18 36 -75
-6 -18 -3 5 10 -4 -19 0
-33 11 1 7 16 4 13 54
-20 2 5 8 -3 11 -23 -13
-50 -6 -4 -5 -6 -44 -27 41
48 7 -1 -10 -10 -26 2 -39
106 21 -2 2 -6 12 19 -17
-34 -19 0 6 20 0 -25 17
17 6 0 2 1 22 -45 13
6 15 -6 -17 -13 -41 -6 3
-26 -14 3 7 29 9 45 1
21 5 3 6 -2 43 -6 5
-8 -19 -7 -6 5 -25 -2 11
-66 -8 -3 -3 -9 -7 -35 41
56 27 7 15 21 28 56 -63
56 1 3 8 14 48 -26 35
-67 -14 2 2 -9 -20 5 61
-46 -7 -3 -2 2 -7 27 -48
51 11 2 -6 -14 0 -86 -15
16 -1 -3 -6 -6 -37 41 18
26 2 0 -3 -10 15 -18 1
-10 -19 0 12 23 30 -3 -8
-11 9 3 3 -3 -26 -3 -16
26 10 0 -1 10 -9 57 -33
22 21 -1 -9 -20 -19 27 -42
67 11 5 9 21 36 -2 9
-8 -33 -10 -4 0 -16 6 -38
33 29 -1 -13 -13 -37 -28 80
-5 -16 2 9 13 15 4 50
-4 -12 -5 -9 -20 -30 10 -26
-45 -4 -12 -25 -26 -60 12 34
-60 -31 -20 -40 -48 -65 -118 -48
15 -3 -1 4 9 2 7 -5
0 27 13 29 43 67 25 -1
-30 -34 -12 -16 -9 -41 -5 15
-62 -21 -5 4 5 7 -15 -13
-13 5 1 -6 2 13 -9 -12
41 9 -2 -7 -22 -10 -10 -4
78 25 14 15 26 33 -13 -6
-55 -11 3 6 4 18 22 -42
15 -4 2 6 3 15 26 -48
-34 7 0 -8 -9 -22 -6 -62
37 16 12 22 39 65 47 14
-22 -1 -1 -1 -20 -7 20 4
-30 -8 -2 -5 -2 -3 -19 19
14 -12 -11 -15 -27 -40 -10 25
-18 18 -4 -11 -27 8 11 -24
-97 -17 3 10 19 13 -16 -30
82 20 0 4 8 12 -33 -25
22 7 -3 -17 -32 -12 26 25
31 -1 4 8 21 -6 10 -37
-68 -25 -10 -15 -30 -52 -19 -17
-65 -6 -6 -12 -18 -13 -20 98
64 20 2 8 30 6 36 -24
-17 -6 -2 4 -7 18 12 -9
-14 -9 -2 -1 11 -33 9 -1
13 5 1 6 18 3 7 -8
-28 -16 -8 -10 -27 -14 -26 -10
-21 3 2 5 -8 11 -4 -5
76 25 8 9 16 49 16 25
-45 -27 -6 1 8 17 -21 -39
7 1 3 2 5 -10 -17 68
-58 -9 1 3 2 7 21 -47
57 -1 -4 -18 -26 -20 -5 -11
78 2 3 9 26 26 -23 66
-101 -34 -10 -4 -25 -11 16 85
77 42 5 8 12 5 -30 31
-21 -14 -4 -6 2 -16 -3 2
-12 1 -6 -12 -20 -12 36 -51
-86 -15 1 -4 4 -34 -65 -51
94 5 -2 -3 -11 4 -7 10
-41 -10 -1 5 13 12 18 14
25 43 6 -1 -25 43 -11 -27
-24 -32 -5 3 25 6 21 41
-24 9 1 0 7 -2 -49 63
-13 0 -2 -15 -23 -17 -34 6
4 -1 -1 4 0 -23 -1 36
-42 5 1 -1 -1 13 -14 -1
11 -3 -10 -8 -6 -14 7 26
0 2 8 18 28 29 -54 -23
-83 -2 -3 -5 -32 -2 34 22
78 15 -6 -11 -14 -24 49 -104
-30 -13 6 1 -3 -13 -13 -16
-17 13 -1 -4 -20 17 28 65
5 -10 -3 0 17 -14 1 -33
44 20 7 9 8 21 -23 -4
-76 -17 -5 -9 -27 24 24 -6
-18 -9 -6 -2 -9 -26 21 12
17 0 0 2 5 14 -6 76
17 -9 1 -1 3 -3 31 -32
13 -2 -1 -3 2 -17 8 2
44 25 7 9 6 36 33 25
-48 -15 -4 -13 -22 -48 -39 -20
-49 -17 -3 2 -2 -10 0 1
84 29 -3 -9 -15 11 -18 55
-1 -17 -4 -4 5 -25 -6 -37
-26 -20 -4 3 3 0 7 -4
25 45 1 -3 4 44 25 -77
-27 -21 -1 2 15 -27 4 5
77 15 4 6 6 6 -4 23
18 -13 4 17 42 11 9 -39
-62 -19 -10 -18 -55 -38 -58 83
-94 -16 -4 4 16 2 -8 -113
92 51 20 26 43 94 12 -20
-1 -51 -20 -37 -19 -90 21 38
-2 0 2 10 36 -3 -25 -23
-60 5 -5 -21 -44 -13 -8 5
1 -14 -2 4 10 -7 31 -28
-5 18 5 9 -1 47 -49 -29
45 6 3 5 8 18 -33 -24
-4 -12 -2 -2 7 -34 -20 -12
-44 12 3 10 18 29 4 27
-31 -3 -9 -16 -27 -33 25 -116
19 -3 0 0 10 -13 -7 76
-16 -3 1 11 -4 27 -56 35
-5 2 5 8 24 13 5 -49
-6 0 8 14 19 -3 8 10
47 11 -5 -21 -47 -44 -24 -10
-16 -27 -2 13 33 7 44 -22
41 -8 -13 -6 -17 -8 -28 30
44 31 10 12 4 25 -39 -3
-33 -10 2 3 25 20 53 47
8 -10 -14 -6 -21 9 73 -14
-57 3 -6 -24 -56 -16 5 -16
95 2 -8 16 32 34 12 80
-11 -22 -5 -12 -25 -27 86 -40
-5 8 0 4 22 -3 32 -23
-30 -26 0 4 4 23 -12 25
-21 -19 -9 -13 -21 -58 -4 -29
45 31 12 13 18 32 -9 16
22 -2 -8 -31 -38 -54 18 1
-128 -37 -11 1 1 -28 13 -53
103 35 16 12 20 42 -12 -4
-53 0 4 13 23 36 -7 48
41 -7 9 5 9 -13 -26 8
-26 -20 -15 -14 -6 -45 -48 -48
14 5 3 -3 -12 6 -7 19
40 12 3 4 12 26 -47 39
28 16 16 15 22 31 11 89
69 23 -5 -26 -36 -35 4 75
-105 -34 -18 -4 6 -7 2 19
-19 7 4 8 31 19 31 -72
37 -12 5 12 13 12 -16 -15
72 12 -2 -7 -23 15 32 -22
-61 -7 5 4 -13 -14 1 -33
-57 -12 1 1 3 14 -16 -11
42 26 -12 -28 -66 -16 -43 -3
47 18 10 7 18 4 -28 -7
-17 -2 -2 5 -7 38 67 -32
75 11 -14 -28 -64 -57 -28 61
-76 -24 -1 10 27 12 -17 58
104 31 23 17 29 45 -14 -25
-18 10 -1 -7 2 -17 17 71
-12 -7 -2 2 -4 -1 -49 -42
-81 -8 2 1 4 2 -14 -52
-16 -13 -14 -8 -13 10 -9 53
-4 3 5 -3 -16 -5 -43 -8
-75 -26 -6 0 10 -4 47 -43
59 32 3 -3 0 -8 -32 43
-77 -49 -7 -1 -2 -39 5 -2
59 0 3 21 37 52 -7 -8
-53 -23 -10 -21 -17 -35 -32 -16
68 38 -4 -12 -10 -24 27 32
5 11 7 15 5 15 16 12
-56 -18 -10 -9 -4 -11 3 -42
-67 -15 -1 0 -20 -12 9 57
4 36 5 9 11 35 7 -46
73 9 -3 -30 -30 -61 10 13
-5 -28 -20 -13 -10 -22 -63 9
-96 -10 3 13 10 45 4 -24
121 17 3 1 11 -23 -25 1
-36 1 0 -6 -7 -5 5 16
-2 14 4 -6 -15 3 22 35
51 11 -4 2 0 35 47 18
59 -12 -7 3 8 -12 4 -37
-81 -15 -5 7 7 26 -18 6
34 8 0 -11 -17 -29 -2 11
2 1 8 5 17 6 -10 -29
-12 21 18 8 0 60 -8 14
62 12 3 2 16 -24 -19 -26
