4 6 -8 -52 -28 -25 30 -3
-8 -3 3 82 -45 -5 -38 -5
0 6 -4 -36 68 -10 4 17
-16 3 -22 -10 71 1 -6 -21
1 10 16 78 -28 -13 -20 -1
7 23 6 -104 58 40 31 11
-21 -22 -24 109 -114 -79 -41 -22
10 16 15 7 -85 69 15 15
2 0 -12 -80 -5 21 17 4
-8 -12 -5 120 100 -55 -16 -6
1 7 15 39 38 97 20 -4
11 -13 -3 -5 67 -57 27 10
-19 -41 -16 0 -17 72 -39 -19
6 5 5 -13 12 7 28 5
0 16 2 -76 -20 -43 -11 -6
11 24 17 -15 72 -45 9 8
-7 18 -10 3 5 -76 -14 -3
0 18 -4 -56 -66 103 5 -2
0 -8 -2 -11 17 -49 -5 -2
-3 -19 -5 -23 -37 0 -12 -3
8 -17 10 15 127 34 19 5
-3 -17 -13 -58 -27 -29 -16 -8
11 -16 9 18 32 19 39 1
-3 -16 -3 -23 -91 -26 -11 3
10 24 30 83 80 63 16 15
-16 -9 -45 -81 -128 -128 -47 -13
15 28 41 92 61 63 61 14
-3 22 -22 -65 68 27 -6 3
-3 5 -3 -59 116 42 -28 -11
-14 0 -9 38 43 -61 -32 -6
3 -15 13 -44 11 4 -21 4
-5 -30 20 32 9 92 9 -8
-2 0 -3 3 57 -49 0 9
1 23 2 22 22 38 19 -2
-10 72 -16 -18 -9 70 -13 -4
1 42 28 92 110 28 26 2
-11 -89 -21 -102 -128 91 -5 0
-13 -47 3 85 57 26 -1 -1
-3 3 2 90 87 -60 -27 -10
23 93 -15 -58 -44 19 4 3
28 0 17 30 75 5 21 2
9 -111 -16 -105 -108 -46 -20 -5
7 -8 8 -42 40 -20 13 4
-6 73 -17 -26 -32 -64 -23 -7
5 102 5 9 29 -45 8 2
3 82 -15 -24 83 -17 7 -17
-30 -18 -73 -128 -107 -36 -71 -23
0 -53 32 77 78 12 13 10
-6 -13 -22 -65 12 16 3 -1
17 -21 12 86 127 65 67 11
17 -24 30 -28 -96 96 36 13
-23 -42 -17 57 33 1 -26 -14
-2 -12 13 0 -63 31 22 6
32 21 55 -8 79 47 57 25
-21 -4 -34 112 100 -62 -26 -22
14 -11 6 -20 -19 3 0 11
4 -4 -9 -7 -23 -2 -8 -15
-4 23 13 15 52 90 -16 5
-14 0 19 94 -27 3 -30 -2
2 -35 3 -104 -45 -86 16 11
-37 0 -20 127 53 38 -63 -23
-20 15 -23 -116 -128 -29 -22 1
-2 -15 -1 -36 81 37 4 -4
-3 -13 6 -11 15 20 14 2
6 7 -10 38 44 -20 8 1
-6 12 -15 -8 -113 -80 -59 -13
13 -2 2 -51 108 9 18 13
-8 -6 -11 7 -25 -106 -31 -14
9 1 -20 -85 -23 7 -10 -11
-21 -4 -11 33 14 63 -13 -2
15 -1 13 -103 -94 -109 14 9
-17 -4 -10 87 83 127 -1 -8
18 0 33 -22 -8 69 44 22
-14 6 11 103 84 43 -1 -3
0 0 -16 -128 -63 -48 -1 -5
4 -2 13 27 -48 -37 -10 7
3 0 9 -14 3 -80 -6 3
-14 6 -31 -41 -121 -6 -23 -10
7 7 10 50 39 -1 48 7
-14 -6 -40 -106 -68 -43 -82 -22
-14 3 10 123 127 29 23 1
13 3 1 -24 -41 0 -3 -4
1 -5 -4 30 101 112 19 1
27 -3 7 -106 26 26 65 23
-40 2 -40 48 -83 99 -55 -21
10 -2 24 0 87 -52 26 10
-3 0 -16 -51 -51 69 2 -2
-8 -1 -20 5 -37 -12 -14 -5
30 2 31 13 -39 -97 22 14
23 -2 2 -79 -21 66 40 5
-1 -6 2 -6 71 64 -8 4
1 -1 1 -59 62 -19 20 -2
-22 -2 -26 -45 -9 -83 -29 -7
14 -1 16 -75 82 -71 -9 -1
18 -1 19 67 38 14 41 12
2 -2 -9 -47 -64 88 -23 2
16 -5 32 -9 -2 72 65 17
-16 1 2 115 97 47 13 -3
10 -2 31 -16 -6 -35 23 10
-15 -2 -9 -17 -47 65 4 -2
10 -2 34 -25 65 -23 45 10
7 1 -10 -2 27 72 40 10
-5 -3 9 113 44 18 14 -5
1 0 9 68 87 -81 13 4
13 0 -3 -103 65 12 31 0
-15 -1 -13 21 -37 -82 -39 -15
-6 1 -23 -31 31 47 -10 -1
5 -1 23 31 56 -63 -54 -9
-3 2 -10 -63 -65 -3 13 7
-13 -3 -10 56 46 79 5 -6
-2 -2 3 26 -39 -30 -15 -9
-4 -3 -11 -13 111 0 8 4
2 5 11 28 46 7 -21 -6
5 4 -7 -125 -113 -73 -26 0
-14 2 15 100 109 -79 -35 -4
-4 -7 4 14 -31 29 -20 -3
-8 3 -10 -11 98 12 -21 -3
3 -2 -1 -46 -48 -25 9 6
-6 1 -17 -30 68 -1 2 -3
4 -5 12 -10 -33 -22 29 5
-13 -2 14 127 23 -106 -75 -19
1 -1 -14 13 22 -69 -9 2
9 1 5 -34 -80 3 22 3
1 -2 -7 -34 -6 72 15 2
3 -2 7 36 69 -7 15 -3
-20 0 -41 -20 -8 -74 -41 -18
-4 -1 -1 26 40 -44 5 -1
9 -1 26 26 127 -51 0 -1
0 -6 -11 -48 55 46 12 2
3 0 10 48 77 -7 -1 1
-14 -3 -34 -36 -40 -40 -35 -18
-7 2 -18 -3 54 113 -16 -10
13 -1 25 55 87 53 41 16
-1 -1 19 67 127 104 -15 0
1 -1 -24 -88 96 -6 3 5
2 -4 6 42 95 -6 16 2
8 -5 13 57 9 -8 -2 1
-21 -4 -51 -85 -40 -31 -44 -25
2 -1 14 -51 -99 -74 -21 -3
-12 2 -22 20 55 -55 -39 -13
-11 2 -5 32 -50 14 -21 -4
25 -1 31 -18 -29 59 65 20
-15 -3 -33 -49 -76 -14 -66 -13
-4 -3 -1 37 69 25 17 1
0 0 -5 -7 63 -54 -9 0
1 2 5 -42 5 -56 -28 -5
-10 1 -20 -25 -12 -36 -14 -10
14 2 18 -15 62 35 47 20
-20 2 -42 -63 -12 -49 -54 -20
2 1 8 13 87 -34 2 7
12 2 13 -12 40 18 22 8
11 -2 18 38 53 1 10 3
-17 -3 -33 -89 -31 -57 -36 -12
3 -2 13 50 91 21 24 3
9 0 11 -32 70 -77 0 5
-8 4 -8 21 -73 -28 -15 -10
9 1 15 52 72 30 44 16
6 -1 25 9 -35 127 23 9
-11 -1 -9 89 121 57 -17 -12
10 -1 0 -84 -42 -73 2 8
8 2 4 -47 -89 105 11 6
-5 2 -1 17 -46 -26 7 0
9 -2 22 39 -5 13 18 2
-12 -2 -21 -56 9 79 26 -6
5 -4 12 20 -4 12 -1 2
-27 0 -37 -7 127 70 -43 -25
1 2 2 -6 31 0 -10 5
-6 -3 5 17 -109 -45 4 -5
4 1 -1 -91 -77 -20 5 1
1 1 6 72 59 2 14 -2
-3 -1 -8 -9 -31 17 8 5
7 -3 30 27 -63 -6 9 7
-1 -2 -15 6 84 -28 -5 -2
-1 2 -9 -66 -117 -119 -28 -2
2 -4 19 77 32 114 -5 -1
4 -2 -17 -37 20 -29 4 1
-21 2 -43 -81 -60 -28 -44 -16
8 0 16 59 117 -13 23 12
-9 -2 -10 2 -48 -13 0 -8
8 2 21 -1 21 -2 -17 -4
1 -2 2 22 16 -39 5 6
-8 -5 -12 -20 33 -2 -43 -15
5 0 10 -51 -5 -6 17 8
-7 1 4 60 46 -43 -9 -8
-1 0 -4 -9 -90 -34 -3 -1
9 -3 16 8 -15 -14 32 12
6 -1 1 -23 46 19 2 1
1 -7 -8 -21 39 59 17 6
-6 2 21 127 78 -3 -16 -5
0 1 -4 -34 46 -31 -6 -4
2 -1 -4 -27 21 -39 -17 -4
-4 0 -3 61 82 55 8 1
-11 -1 -21 -85 -5 -10 -8 -10
3 -1 13 19 -114 -13 -1 6
-13 0 -29 -49 60 -26 -25 -13
-11 -3 -18 0 -56 -57 -46 -9
0 -2 -1 51 92 54 10 -3
-5 2 5 47 19 12 -7 -2
2 -1 11 41 -50 31 13 3
-7 -5 -15 -19 -40 -74 -18 -9
4 0 11 -39 -70 67 20 4
-8 -4 -24 -93 -88 -46 -23 -14
0 0 9 69 32 -4 -15 1
2 2 2 -16 38 19 1 -6
10 1 5 -43 90 -32 12 14
-7 1 -9 -42 -15 -5 -11 -7
1 -2 14 32 -21 36 5 4
7 -1 13 24 99 47 33 6
13 -2 34 103 127 75 27 7
9 -1 23 77 127 77 39 14
9 -2 -15 -101 100 -94 27 10
-4 -1 -15 -107 -54 85 -5 -3
4 -3 19 86 57 -22 14 5
2 2 -23 -113 -65 -55 -9 -1
-20 1 -9 27 25 -18 -9 -22
14 2 24 55 127 76 42 15
-10 0 -27 -33 79 -10 -29 -14
-1 -7 -4 -7 68 5 6 -5
7 -5 16 21 62 59 20 17
-12 0 -17 6 -1 10 -23 -20
-7 -1 -9 -18 4 5 2 17
-9 -2 9 55 67 38 -1 -28
6 -1 7 37 45 77 29 9
3 -2 -16 -94 -97 31 -6 -7
7 0 29 94 67 26 14 27
-10 -1 -34 -87 65 1 -10 -3
3 0 -6 -43 30 79 15 -3
5 -1 10 59 51 -39 -12 18
-5 -1 -8 -33 -10 -16 -20 -32
1 0 14 20 -27 24 21 17
4 -1 -9 -27 -98 -94 -28 5
-13 -2 -12 -37 -55 -55 -2 2
15 -4 22 20 -21 -2 -2 9
-3 -1 -9 -5 -56 -37 -7 -12
-9 -1 -10 4 -87 38 -21 6
-2 2 -4 -7 72 -64 -21 -31
8 0 5 -57 -74 53 45 53
6 -1 13 63 127 67 13 18
-25 -1 -13 74 127 82 -19 -35
5 -1 -1 -20 -70 -8 0 4
-9 2 -12 -40 -28 1 -13 -34
19 0 20 -27 10 -44 7 17
5 -2 19 50 109 84 21 19
-10 5 -17 -14 102 -1 5 -4
-6 -2 -10 -8 -3 -33 -18 -17
-7 -2 -4 -36 -70 31 11 8
11 0 18 65 80 -88 -5 -10
-9 -2 1 43 65 63 12 -5
8 -1 1 -9 53 17 22 9
-8 -4 -12 -14 53 30 -8 -17
1 3 4 -18 -109 -51 1 24
-4 2 9 20 -77 -7 -6 -33
-1 -6 -5 11 -5 -13 -10 3
2 0 2 22 40 8 -1 -7
-6 -6 -14 -49 -4 17 2 -11
-1 0 -13 -41 29 21 5 13
-19 4 -14 11 -95 -72 -39 -7
11 0 7 -16 -68 -81 -4 6
-12 1 -7 -42 -24 41 33 -39
10 3 3 21 17 -91 -40 19
-4 -5 -9 -71 42 10 15 -21
2 -1 15 111 44 -30 -10 16
4 1 -1 -56 -45 -66 -8 -3
-5 -8 -10 -8 41 9 -3 -5
0 -1 6 -17 -7 18 7 -5
-4 1 -11 -5 -36 40 -9 -5
8 0 15 -3 -34 -4 3 6
-10 -2 -19 4 102 7 6 -9
4 0 0 29 32 -82 -21 12
-4 1 3 -25 -29 15 13 -6
0 -1 -5 -14 106 -32 6 0
13 1 18 47 80 -34 1 26
-4 2 -9 -8 -41 22 12 1
-13 -3 3 31 108 2 9 -25
4 0 -3 25 58 2 1 22
2 -3 10 26 3 -62 -10 -8
10 0 8 46 69 0 0 20
-4 3 1 8 -20 9 3 -23
-1 0 1 1 -12 22 -3 0
-16 -3 -16 -29 -123 3 -36 -17
-7 -2 -13 -43 56 -33 -44 -23
-21 -5 -15 0 21 43 8 0
2 -2 6 69 78 17 -3 4
3 2 -4 -41 -97 -12 2 12
-10 1 -5 -19 -9 17 -5 -29
15 -3 14 87 120 21 -2 18
-21 -3 -33 -94 -128 -28 -19 0
0 -2 -4 -29 -24 0 15 -11
0 -3 -1 5 66 50 4 8
10 2 5 -4 54 19 5 21
-3 -1 -8 -16 -32 26 -15 -11
3 2 13 -6 -37 86 30 -6
-9 2 8 68 -104 -42 -3 0
11 -3 -5 -48 24 -46 -4 26
-6 2 17 62 110 44 6 -45
0 -2 -3 -28 39 28 17 5
-5 1 5 42 101 0 15 -10
-10 -1 -20 -56 -64 -57 -29 7
6 -3 4 30 -43 -16 -11 9
6 -4 -8 -50 20 -72 3 21
-2 -6 7 39 18 11 -11 -22
-1 4 2 -32 -20 -17 2 -13
4 -2 -2 17 28 -33 1 34
-6 4 13 83 -15 51 13 -4
-5 -3 -23 -64 22 3 -11 -10
0 0 -6 -54 -94 5 0 -14
9 3 23 48 41 47 24 28
4 2 11 55 123 -12 -13 -12
1 2 -1 -35 89 -20 -19 6
1 -2 6 21 90 9 15 1
-1 0 -15 -25 -68 2 -9 -3
-8 -2 9 63 -61 -4 -10 -30
-1 2 -12 -75 -40 -27 -19 20
1 -4 1 9 -2 8 -1 -17
7 -2 8 -7 -13 -31 7 1
-2 2 -1 3 24 -62 -28 8
-2 -3 -7 -6 -93 -40 -2 -19
-2 -1 -1 20 -18 -15 -2 16
-4 1 10 23 97 41 -1 18
1 -1 3 -13 2 64 1 -25
-6 -2 -17 -46 -8 -5 14 -23
4 2 3 36 16 34 5 13
3 -1 -1 9 127 82 -8 -15
2 -1 10 60 96 28 11 28
3 2 -14 -55 33 4 19 52
-3 -6 8 38 59 -23 -9 -37
3 -1 -8 -12 -103 -38 -13 6
-2 0 -2 5 47 -40 -26 -17
5 -1 21 38 7 26 26 -12
0 -1 -7 -22 76 20 -5 -1
-10 1 -25 -75 -53 -84 -15 -44
10 -3 9 -20 -20 5 -24 34
-56 -1 -8 28 -100 -14 21 -60
48 3 10 56 20 -3 -4 55
2 -3 -10 -40 -89 -92 22 -3
0 -2 -2 14 -9 60 17 4
5 4 1 -28 -58 -7 5 -2
-27 -1 6 75 34 -38 -24 -16
-11 2 -26 -80 -34 -29 -4 -38
-3 1 -11 -21 -52 3 42 60
16 -2 4 29 23 33 -17 10
-1 1 1 -20 14 -31 9 -18
6 -2 18 24 8 62 -8 -17
-7 1 -14 -92 70 -66 10 -22
5 -4 5 92 -10 -40 -33 27
-6 0 -14 -93 -44 37 11 -19
-4 -6 6 46 0 -50 -11 19
-7 -3 -8 -37 -60 -48 -24 -12
16 -6 15 0 48 -5 19 -2
-11 -6 -26 -30 -40 -25 -19 -15
-2 3 8 58 92 13 -1 20
3 1 -2 -8 21 70 29 22
10 -2 4 6 -16 13 -5 -7
-3 -1 -5 -44 -85 -23 -28 -36
-12 4 -18 -31 -4 19 7 14
-6 -3 -11 34 -7 46 -5 -38
5 -5 5 -8 38 51 6 13
3 1 10 -19 0 64 33 4
8 1 2 27 21 24 -3 77
-10 3 1 -35 -50 -30 -5 -26
4 -1 -5 38 48 5 1 34
-4 -4 -3 -60 -9 11 -19 8
4 -1 3 20 -10 -44 1 7
-3 -5 2 32 57 1 0 -2
2 2 3 -33 -48 33 7 -21
-4 0 2 13 0 -7 15 57
-8 -8 -7 0 6 -14 -8 -40
4 -6 11 60 62 -35 -17 -2
-5 -1 -8 -49 9 38 0 -14
0 2 3 45 -22 8 -1 0
3 1 -1 -43 -31 -2 -27 3
-2 0 -3 -4 -11 0 29 -15
6 -4 9 6 -11 15 3 35
-19 -5 -16 7 50 45 -6 -55
0 1 5 -13 -54 -20 -13 -26
10 -4 4 50 86 40 12 51
-4 2 -10 -3 77 2 -25 10
-3 2 8 -9 -32 -22 -3 -24
-1 -3 -1 -10 21 6 -1 -11
-1 -1 2 36 36 6 -4 -1
-6 -3 -13 -53 -89 -35 2 -13
7 -3 10 4 -38 -31 -15 29
-10 3 -3 53 112 62 10 -7
-4 -1 -14 -60 -71 -31 -14 -2
-5 -3 -1 12 27 -9 -1 -6
-2 -1 -3 -40 -69 -27 -6 -7
7 -2 4 5 50 9 15 -2
2 -3 1 -13 -15 11 -8 28
-12 3 -3 26 25 52 -1 -44
-2 -3 -3 10 46 -1 10 11
3 0 7 -19 0 18 8 6
0 5 -13 -28 -94 -38 -15 -3
9 -4 16 40 119 25 23 6
-3 5 -8 -8 35 -61 -22 4
0 -2 -6 -45 -38 0 1 -5
-9 1 -10 13 -69 13 -14 -20
6 -1 4 5 8 -31 -2 6
7 1 6 -1 -15 9 -2 -6
-5 1 -7 11 -4 -68 -12 15
2 2 7 -27 -34 9 5 -7
-12 -1 -16 36 29 -19 -16 -6
1 -4 4 15 53 40 12 13
0 1 1 -17 -116 -86 -16 -32
-4 -1 -10 -25 27 34 0 5
-6 -3 8 20 -9 -12 -13 -27
3 1 1 -12 3 -4 12 10
-2 0 -4 9 89 4 -8 -9
13 -1 18 26 37 13 13 54
7 3 -16 -87 -93 -8 -4 -43
-16 -4 -5 27 -25 11 37 68
-13 -3 -1 -21 -28 -21 0 -77
2 -1 0 53 -1 13 -12 0
6 0 8 -12 22 -14 6 22
7 1 3 -45 -109 -3 8 -18
-9 -6 -3 80 75 19 -9 25
-10 1 -12 -31 12 -58 -11 -27
1 -4 0 -13 -9 5 8 5
-5 -4 -3 -25 -71 -24 -18 -23
3 -2 3 7 39 31 12 39
7 -1 6 12 85 -1 10 0
-3 -4 3 16 20 11 -17 -10
1 -2 -6 -37 54 5 18 2
-6 -2 -3 43 33 14 -11 -3
2 -3 -1 -37 -14 36 -3 -12
7 -2 9 43 -22 39 20 43
-2 -1 -9 -30 -19 8 -19 -17
2 -4 1 -22 57 101 28 -5
-1 0 -7 -37 -89 -31 -9 15
-9 0 -1 24 5 -33 -31 -35
1 2 7 62 109 12 -6 -1
1 2 -5 -83 -128 -65 0 4
-2 -3 5 96 127 30 -10 -17
1 2 -2 -34 -9 0 6 4
3 -3 3 19 -44 36 3 19
7 1 8 24 2 -10 -8 25
-9 -5 0 -2 104 6 13 -57
-12 2 -19 -21 -102 -33 -20 6
4 -3 11 51 96 -11 4 -9
5 -4 10 35 127 36 7 13
1 -2 11 18 10 -17 -3 10
-8 2 -22 -60 -4 20 5 -3
-2 0 -1 27 104 -34 -21 -1
4 2 7 -22 -56 -6 18 4
-8 0 -10 -1 67 -40 -15 -12
4 5 6 32 -38 -34 6 15
-2 -1 -8 0 -32 -25 -9 -14
-5 -3 -6 -20 -90 5 -18 -13
8 -4 10 -39 -17 49 29 9
1 -3 -11 -57 27 -19 8 7
-12 1 -3 97 80 16 -18 -5
7 -2 10 -11 63 38 18 0
1 -2 -5 -31 -16 4 -11 42
19 -4 19 26 -34 14 25 50
-6 -4 -10 -125 -39 12 7 -60
-6 1 12 94 110 62 8 1
-3 -2 6 39 32 43 -1 15
-2 0 2 43 115 3 -8 -1
5 3 11 43 39 15 15 11
6 -1 -8 -83 -125 -21 -1 -3
-4 2 -5 -43 -35 -11 -13 -3
3 -2 6 -17 -37 30 1 -13
-9 3 -6 47 -39 -8 6 14
15 2 -1 -66 -6 16 13 44
-17 0 -11 49 0 -95 -22 -77
-13 -1 -3 0 25 -5 -10 6
10 -5 19 21 29 14 -4 13
-3 -1 -21 -65 60 -53 -9 -18
-14 -1 -3 80 101 11 -11 12
4 1 5 11 118 35 8 10
-6 2 -6 -19 -64 31 -13 -14
-2 -2 19 2 -12 7 9 -24
12 0 -4 -68 -78 -13 14 34
-6 -1 -8 29 -25 -3 -6 -18
7 2 7 14 29 54 -21 37
-13 -3 -25 -17 -15 -34 -15 -21
-7 0 -27 -63 -102 -73 -7 2
9 -4 15 -31 33 39 -2 -7
3 -3 -10 -37 45 -54 9 34
-12 3 -14 65 -28 -36 -23 -13
9 2 10 -51 -19 37 15 2
3 0 7 33 -54 -11 9 -4
7 -1 -12 -29 8 -62 -6 -13
-16 -1 -10 -19 -26 -21 -6 -19
0 3 11 53 57 3 15 -30
2 -3 -11 -71 -6 1 -10 -14
-7 1 -15 -88 -43 -54 -22 -8
2 1 -1 17 108 17 1 28
1 3 9 0 -17 -1 2 -5
5 1 -5 -54 127 84 32 9
-20 -2 -6 85 -33 -56 -35 -69
19 1 0 1 103 88 7 117
-15 -5 6 -20 8 43 19 -103
-9 2 -32 -67 -52 -100 -24 6
-1 0 14 42 29 93 10 4
4 -2 9 28 33 -34 11 -11
8 -7 4 11 -8 16 -7 24
-11 0 -1 32 98 12 2 10
6 1 -2 -36 29 34 14 9
-1 -2 0 35 31 -34 -11 -27
6 2 8 -23 -65 64 15 28
52 2 22 3 5 10 -11 63
1 13 6 16 33 16 26 102
2 -11 -5 -31 -47 -48 -93 -6
-68 2 -8 7 7 16 -26 -91
28 31 15 9 -7 11 38 95
29 -39 -24 -12 -16 -19 21 76
-5 19 4 2 13 0 74 -102
37 0 3 -5 -10 -1 4 114
-45 4 1 6 12 30 31 -1
11 21 -7 1 -13 8 -22 -16
-23 14 0 8 9 18 15 -27
-79 -43 -21 -14 -19 -51 -55 -26
51 12 13 3 -2 22 87 -40
-31 7 15 -9 -7 -25 -13 -44
-18 -7 -29 22 36 60 -2 18
9 10 -3 4 6 35 14 -6
-4 -9 -6 -4 1 -23 -47 -21
-16 -2 4 4 6 16 3 -16
16 -7 6 -18 -28 -30 -15 87
23 35 16 17 8 5 -25 52
-51 -33 -27 -14 -17 -48 13 -97
85 31 4 12 9 22 -6 -50
-26 -23 -34 -10 2 -12 -12 -41
15 3 7 4 5 12 -8 7
34 1 -4 -12 -12 -21 18 -4
-14 -9 -15 -20 -46 -32 -18 8
60 -25 2 -15 -19 -47 -29 74
-49 -13 2 -1 3 6 49 -25
33 11 15 10 20 17 -30 36
-18 -5 -11 -7 6 -5 -18 -16
8 -1 3 3 -6 0 0 25
-21 -9 -16 -8 1 -3 -7 4
26 0 9 7 4 7 9 68
-93 -8 -9 -1 14 1 -50 3
51 18 19 8 -11 29 38 -12
-11 -4 -13 -9 8 -4 -12 17
-42 -18 -17 -21 -26 -30 -54 -59
20 5 17 17 36 29 9 -4
-2 1 4 10 18 29 -4 -22
37 6 -15 -4 -20 -4 3 45
-34 -6 16 -6 -5 4 46 -27
-3 -9 -9 1 11 12 42 0
-82 6 -11 2 16 7 -82 -40
6 -4 -7 3 10 3 -65 -61
9 -2 -6 -15 -39 -10 -44 -14
0 3 0 -10 -57 10 -8 -43
-29 -6 -4 -10 0 -26 69 -6
4 -3 -1 4 28 -7 2 17
-5 24 -2 18 32 38 7 19
40 -25 8 -2 -9 -40 -14 -44
24 8 -15 -6 -4 -12 -44 -39
-15 5 12 6 2 23 54 23
-37 -2 -5 3 -7 15 27 -23
-2 16 12 12 13 24 4 -27
68 11 8 4 8 6 -2 39
-11 -1 7 3 1 17 16 9
-15 -21 -13 -1 9 -8 -1 -68
90 2 6 -8 -1 -26 -9 -4
-83 -7 4 11 19 37 29 43
65 -3 -1 -28 -46 -108 -59 -45
-9 0 -5 5 15 16 -46 -6
-11 19 7 15 3 15 36 19
-66 -47 -26 -23 -16 -37 24 -79
77 33 10 10 -1 21 -51 6
-33 7 0 -3 5 -14 30 -37
-22 -13 -13 -9 -6 -15 4 -13
-5 -1 6 12 13 31 36 80
-62 -22 -6 -26 -37 -61 -14 8
31 4 8 11 3 11 7 54
-33 1 -9 -8 -2 -6 11 13
11 6 -2 8 2 18 -34 -81
6 11 9 8 10 24 59 20
21 -2 4 -5 -1 -20 17 -30
4 -5 3 -11 -17 -11 -10 79
3 5 3 -6 -9 -43 20 3
-22 -8 -6 10 12 21 -2 -4
-21 -4 2 11 6 11 15 -51
2 3 3 0 -1 -17 12 14
15 9 -3 5 7 2 -16 -14
-12 -14 -5 -25 -28 -40 -21 -13
-8 2 3 4 -2 -15 -18 15
-22 7 -5 3 9 33 -5 44
38 -9 4 -6 -12 -34 -7 11
-20 18 15 31 44 75 49 23
3 -19 -12 -10 -15 18 47 2
46 9 3 4 8 27 25 11
1 13 -2 8 19 42 -25 -20
-2 8 0 8 19 36 -10 -3
11 -2 6 -6 -22 -17 -29 41
-83 10 10 13 5 39 20 -81
101 32 8 1 0 19 42 41
-71 -10 -21 -18 -27 -21 -56 -43
40 8 -7 -4 28 -13 -4 -8
-32 0 -2 4 2 -12 6 -3
38 12 0 5 -1 45 -6 -19
-32 -1 2 -8 2 -44 -2 34
5 14 1 10 15 43 23 -15
-14 -7 -22 0 40 -15 -32 1
36 1 8 -9 -53 -3 -19 69
-2 -2 0 4 26 10 -13 -102
1 1 -5 -16 -52 -26 -18 28
15 2 3 7 14 15 -2 7
-90 -13 -9 1 23 10 8 -16
49 12 9 0 -32 17 17 67
40 -12 4 1 7 -63 -2 -40
-20 -4 -10 -19 -40 -16 -42 -89
-57 12 10 8 13 2 -11 -36
82 0 4 5 8 -35 20 0
-35 2 1 10 20 15 10 -17
43 -17 0 -16 -8 -41 19 88
-3 -11 -11 -13 -8 -21 -33 -29
-7 -21 -7 -17 -32 -41 -32 -38
-2 -3 -16 -11 4 -7 -17 48
46 11 17 24 49 19 51 -8
-78 -28 -8 -21 -61 -68 -43 102
3 7 5 13 22 39 10 20
-44 -7 0 11 19 33 -5 29
89 37 6 -3 -7 -51 -33 11
-30 -1 -2 1 27 2 16 -71
-27 2 5 8 1 58 33 22
31 6 -6 -15 -84 -24 -10 6
-7 5 2 7 3 35 -11 -34
-22 -26 -18 -31 -36 -85 -53 -63
37 24 6 5 11 14 16 64
-59 -3 -7 0 22 16 -4 1
-15 7 -4 -14 -26 1 -20 -11
62 24 5 4 7 35 21 -17
-51 -18 -3 9 14 -6 -50 -114
-11 -12 2 1 17 -8 -4 -93
60 17 15 13 9 29 24 37
-25 7 -1 1 -13 4 -14 1
-40 0 -4 7 19 27 36 -32
32 18 3 2 -1 1 -4 66
-12 -11 -11 -3 -3 -6 -4 33
8 0 3 7 17 11 7 74
15 9 8 4 -19 13 22 38
0 -20 -12 -21 -17 -40 -41 -13
-103 -17 -17 -7 -12 22 9 -37
51 7 15 9 13 9 23 -74
48 1 -3 2 11 5 0 31
-23 2 0 -8 4 -4 -19 -21
-22 -5 -8 -9 -44 -5 -20 9
-14 1 -12 6 9 30 34 8
42 -1 8 -2 18 -31 14 -12
-20 -8 0 5 -25 -11 3 -24
20 19 -3 2 14 42 8 32
-28 -7 -1 -4 -3 15 11 -70
51 18 -4 -11 -16 -14 -22 -1
-21 7 5 10 21 23 22 32
-41 -21 -7 0 7 -12 -6 -26
104 2 1 -8 3 -69 -14 48
-62 -21 -9 -7 -31 0 18 -2
0 5 2 18 37 41 19 5
-34 -20 -12 -21 -36 -59 -37 5
25 13 5 7 17 17 9 34
6 6 2 9 8 14 -7 -14
58 12 -3 -4 -11 -10 -19 10
-35 -16 -3 2 -7 4 7 57
-32 -18 -1 -3 7 -14 35 -56
-5 -1 -3 -3 -1 16 -6 37
-76 -20 4 5 9 13 43 6
107 11 9 -2 -34 -22 -5 35
-55 -5 -11 1 4 25 12 -42
10 -3 -2 -2 8 -3 -20 -4
-47 -6 2 -4 12 -6 -10 14
-14 -3 -7 3 3 -8 8 -46
18 11 6 6 -11 57 7 17
-40 -13 -11 -12 -16 -35 -34 7
26 15 5 -2 17 -3 -17 4
-3 14 1 2 -12 5 1 -27
-16 -13 -8 -13 -14 -11 -11 14
38 14 12 9 15 -3 25 -22
-12 19 -1 -1 4 37 -1 25
27 8 3 -2 26 8 -3 -5
-83 -11 -13 -1 14 -5 -13 -61
11 -1 -3 -4 -16 -12 2 35
24 -2 3 8 19 -4 6 5
61 9 12 2 8 -10 -5 -6
-22 4 0 -5 -25 0 -16 4
-53 -6 -12 -3 7 33 9 39
69 19 0 -7 -19 -2 -36 -32
-66 -26 -12 -7 35 -17 -24 0
39 17 2 -13 -45 -15 -27 -7
9 -5 2 -4 -17 -14 13 33
-47 -10 -3 3 5 9 10 -20
19 5 -3 -8 -5 -21 16 23
9 -18 -2 10 41 -13 8 35
-38 2 -8 -23 -52 -20 -42 -77
-10 -9 -17 -5 -19 -14 9 12
42 10 14 -1 17 11 18 47
-23 2 -1 6 -5 12 12 -20
-30 -11 -2 2 15 -25 -28 -31
33 -5 3 -1 9 -12 21 10
-36 -19 -26 1 -9 -17 -12 -59
-76 26 1 8 -4 36 -3 49
80 4 -10 -2 9 -4 13 14
7 9 3 4 2 29 23 0
3 2 16 11 23 25 20 -32
-1 -6 5 2 7 11 39 39
-25 15 -5 9 18 27 -10 -8
12 -4 6 -2 -8 9 30 26
-14 2 -9 -6 1 9 40 -20
8 -2 -3 3 -1 -10 -30 8
-15 -25 -2 -9 -14 -4 29 -48
71 8 12 3 11 -7 3 38
-25 14 16 12 11 17 -19 -5
5 -20 -26 -22 -48 -59 11 -39
-38 5 2 7 20 11 0 62
70 16 -6 -6 -22 -21 -28 30
-5 -14 -1 -2 8 0 -18 -4
-9 9 9 17 43 15 7 2
48 32 12 3 -9 -12 -16 -5
25 15 5 -4 -12 6 8 63
-10 -6 -1 9 18 27 -6 -6
23 -9 -1 -22 -47 -51 -28 2
-32 -17 -6 -6 -12 9 23 -9
-33 0 -6 4 14 18 -6 -11
-1 3 1 3 -2 -5 -6 -70
-6 22 21 16 34 89 35 45
12 -11 -12 -3 2 16 -16 -13
-16 3 5 -4 -11 -19 -15 -75
-41 -10 -14 -28 -53 -18 16 45
-10 -28 -6 -8 11 -18 -29 -75
-4 10 13 12 18 7 -6 -29
5 -12 -7 -12 -10 -44 -12 -54
-35 5 -2 12 6 1 15 13
34 -13 0 -3 7 -34 7 -7
2 2 -1 0 -11 -2 13 15
-100 -15 -13 0 -5 8 -3 -33
45 7 6 -1 -4 -22 -12 -5
22 -2 5 9 12 -12 -12 20
-36 -11 -7 -4 -8 4 4 -6
0 -5 -3 -1 0 14 -3 -2
4 -8 3 -6 -10 -11 17 3
28 6 1 16 30 23 -6 37
-68 -13 1 6 -13 15 10 -12
2 17 0 1 5 -25 -22 42
89 29 11 -1 -14 12 -33 3
-32 -12 -8 -14 -13 -37 -5 6
-87 -9 -5 -10 -16 -28 -15 -18
54 -5 1 -5 -9 -30 0 13
-35 2 -4 5 23 24 7 80
-77 -2 -6 8 22 16 31 -44
83 16 16 4 -10 -30 -11 22
7 -3 -1 -9 -8 2 32 -22
21 17 10 12 21 25 2 4
38 -3 -3 -15 -27 -46 -25 -44
-29 -5 -7 -1 0 9 29 11
-16 -11 -11 5 14 16 -22 -1
-73 -9 -4 4 -6 6 27 -40
24 20 3 -2 -10 -12 -37 -38
127 33 18 5 28 39 14 1
-23 -5 -2 -8 -25 -16 4 -7
-55 -12 3 3 14 28 -35 -55
5 19 -9 -9 -6 6 40 40
13 -17 2 1 10 -1 -26 -12
-42 -18 -16 -1 8 7 9 -15
58 -22 5 -19 -29 -82 -3 23
-54 3 -6 1 -2 41 -15 -21
-11 -3 2 -1 -3 9 5 7
-39 1 1 0 5 7 -2 -14
-10 -4 -8 -1 6 19 7 53
123 15 16 5 -6 0 8 -39
-47 -4 -8 -5 -6 2 -24 -1
-5 10 8 8 2 18 4 12
-40 -4 -10 0 14 5 33 -3
99 -10 -3 -1 6 -27 -25 36
-30 -4 -1 -2 -30 12 22 27
71 -5 7 -1 8 9 8 58
22 11 1 -5 -8 -7 -13 -5
-76 4 -8 6 3 35 -30 -20
44 -20 -22 -10 6 -75 7 -10
1 -14 -6 -9 -19 -52 -10 14
14 4 -4 3 8 0 -42 -54
-59 0 14 -1 -1 4 26 -2
-42 -2 -5 0 -1 2 -6 -4
68 33 10 0 -4 24 18 47
-59 -21 -17 -6 -1 -32 -34 16
-12 -8 3 -5 -14 1 33 32
31 6 5 5 10 14 3 65
-14 -30 -19 -19 -7 -77 -40 -12
38 15 1 1 -12 29 19 18
0 -4 -5 0 -2 5 15 77
64 -2 -4 -13 -12 -19 20 17
-53 -6 4 10 8 41 -8 -36
7 4 4 1 -1 7 3 65
-49 -7 -6 -15 -21 -7 -30 -34
-11 -3 -4 8 16 18 6 -48
13 10 4 -11 -20 -24 -27 -14
-1 -9 -12 8 8 13 -3 27
0 -9 0 11 21 28 36 78
-12 10 12 -3 -3 2 -15 65
-47 1 -6 -3 -1 -13 -52 8
44 -13 15 2 -8 -41 37 -1
-22 -12 -4 3 18 -2 18 10
18 1 3 4 8 17 -2 -48
-55 -6 -4 -4 -15 19 27 -7
61 4 -1 4 18 5 19 -45
-5 1 14 3 -27 -2 -27 -18
-15 -15 -9 -9 16 -64 -12 -63
-48 -5 -2 7 -3 37 33 48
-14 7 8 3 12 -4 -5 -89
28 -8 -2 -7 -7 -5 -32 -70
-7 12 6 4 0 17 11 -38
41 12 -8 -2 0 25 5 -46
-30 -4 -10 -7 -11 11 -18 -19
7 -7 -4 -10 -10 -64 -15 12
-38 -2 1 7 -2 29 -2 20
14 22 13 4 11 -30 33 -7
16 -9 -6 3 1 14 -15 7
-23 7 -11 8 22 35 25 14
21 1 4 -16 -24 -37 -30 53
24 10 4 -4 -14 2 -4 13
0 -4 -10 1 -5 6 -26 1
-3 -5 5 8 16 13 1 19
1 -10 -11 -6 -8 -39 -1 -55
9 -4 -8 2 11 7 -55 -16
-7 5 -2 -14 -15 15 38 69
-1 -7 -3 -10 -28 2 -9 27
17 13 7 12 33 25 -38 -70
0 -8 2 -4 16 -16 14 -1
-47 -14 -11 -34 -92 -76 -45 -60
-80 -8 -3 10 30 9 1 7
32 -3 -5 2 0 14 21 35
-12 -12 -4 6 26 -3 -33 -6
27 12 27 3 11 -2 -39 -29
-12 4 -15 -11 -17 -4 8 -6
34 -2 -6 -6 -2 -24 -2 18
-42 1 -2 2 -17 25 24 -32
4 10 4 1 3 15 5 107
25 -4 -9 -12 -21 -60 -28 8
-9 3 -4 11 24 17 -7 21
-14 1 -3 -9 -33 2 41 -22
21 19 -5 -1 -3 -21 -44 -76
17 -10 1 -1 21 4 31 -3
-28 9 -3 1 3 32 22 22
-17 -4 -3 -2 -4 -9 3 -4
10 0 -5 5 16 8 14 -67
49 0 8 2 18 5 0 5
-72 -12 -18 -2 -13 7 5 -58
30 14 16 3 5 0 11 -55
-21 2 -9 -6 6 16 5 13
-49 -9 -10 7 0 29 6 0
28 1 7 -11 -26 -46 8 4
-64 -27 -7 2 12 16 11 12
7 4 5 8 12 26 53 54
-26 -6 -1 -1 -4 -4 -13 -84
80 16 22 17 20 24 15 67
-25 7 3 0 12 11 13 -51
-75 -11 -3 1 -18 7 29 4
26 6 -2 0 -12 0 3 61
37 2 8 10 7 47 22 -24
68 10 9 6 13 5 -47 -21
4 -4 3 3 3 -18 -9 -43
-49 2 -11 -19 -32 -19 -34 -30
-38 -21 -25 -16 -3 -15 -9 5
13 -11 1 7 -2 2 3 3
2 2 3 -8 -8 -15 2 -79
-13 -11 -5 2 4 29 35 42
9 13 14 0 0 -9 -25 -15
-68 -13 -14 -7 -12 -12 12 98
87 11 14 20 26 53 35 -5
7 1 5 3 13 -10 -5 -11
-26 13 -4 0 6 14 -22 -55
9 -3 -12 -4 -17 -3 43 -43
-31 -21 -6 8 19 1 1 27
8 -14 3 -7 -8 -16 -5 -18
-77 2 -7 -4 -13 17 10 54
38 17 4 0 -3 52 -3 -27
27 -20 -2 -4 11 -27 -25 -7
-16 -4 1 0 -8 2 -30 -19
36 8 2 5 0 15 24 7
-41 -1 1 -3 9 -36 -21 -36
28 -11 0 -1 -15 -3 -8 75
-22 10 -13 -9 -3 29 -56 -42
-33 4 -4 2 -2 -15 -20 -19
16 -2 -3 -2 -2 -14 -14 3
-6 -9 3 3 9 -8 0 5
28 2 2 -3 -13 -28 22 -22
-29 -14 -8 -6 -3 -19 41 11
10 -1 -1 -1 -2 0 -20 12
-47 -35 -20 -31 -48 -100 -50 -16
67 22 32 21 24 35 41 41
-78 -12 -8 -4 -1 7 2 56
76 5 13 9 18 1 -6 100
-25 2 -5 -2 -10 12 6 -15
32 -1 1 -10 -6 -23 10 29
11 -15 -5 0 7 1 -3 -26
-36 -4 -4 -3 0 1 1 56
8 10 7 11 23 26 59 4
8 1 -1 -1 -5 -7 -4 43
52 8 -4 -9 -15 -44 -11 -10
-37 -8 -10 -14 -24 -15 5 -26
-37 5 -8 -2 4 12 -29 -4
16 -9 6 9 14 -9 19 32
16 -2 6 0 4 4 -51 -76
-9 1 -7 -12 -14 -52 -9 13
10 -1 -4 -9 -27 0 -15 -8
-39 2 -2 1 1 15 21 48
0 -5 2 -3 4 17 -4 5
42 4 7 8 14 15 -45 -15
-57 3 -1 6 6 43 24 -37
-14 -10 -9 -2 -9 -29 -5 19
4 -3 11 4 14 11 17 -20
52 9 -1 -5 -25 -7 6 3
-36 -6 -8 8 22 55 8 39
0 11 -5 2 9 20 -69 -119
-20 -4 -5 -5 -3 -20 -12 25
-51 -5 -6 -1 3 26 3 -32
67 3 15 -6 -16 -29 -5 5
-5 -2 -13 -4 -2 3 15 60
-35 -16 -8 -1 12 -7 -28 7
14 3 4 0 -43 25 9 5
-16 -7 -10 -2 15 -6 3 -16
36 -5 10 1 -7 -4 -18 9
-14 -1 -3 -6 -21 -1 23 44
-4 -8 3 11 34 -4 2 -42
56 6 3 -5 -18 -27 -14 20
58 13 -2 2 1 14 19 -29
-9 -10 -8 -6 -5 -28 4 -45
-34 -9 -8 -5 1 -23 -16 -14
-28 2 2 -1 7 -6 -13 -5
0 -4 -5 -1 8 -17 14 0
38 -3 -1 -3 -10 34 7 14
-65 -2 -11 -7 2 -49 -21 9
68 6 10 6 7 14 4 39
-17 -11 3 -4 -8 -23 5 27
-28 -19 -1 3 5 -2 2 -92
24 -4 7 4 7 14 50 60
-53 -11 -7 -6 -7 -15 -12 21
72 -4 13 10 30 7 -13 -37
-18 19 10 -5 -48 -13 14 -12
-30 7 -10 -4 19 0 0 -67
22 -5 -2 0 -4 -18 -29 -99
-4 1 9 9 26 14 47 62
62 26 15 8 6 2 -7 25
35 -27 -16 -19 -32 -27 -20 -43
-106 -2 -14 -3 0 38 -2 3
42 -1 14 3 -5 24 9 -55
-36 2 -4 6 20 26 8 56
31 2 13 4 -2 -25 -14 21
-6 0 -1 0 1 0 -5 17
-18 3 -8 -7 -15 -2 -9 -57
3 5 6 -3 3 -12 -40 10
-25 0 -5 2 4 22 -5 -52
13 -13 -6 -15 -17 -44 3 61
-57 -4 -11 3 3 38 -5 -36
41 -4 5 -5 0 -17 -6 -11
22 6 3 3 8 -4 60 45
53 12 2 -3 0 -27 18 -14
-76 -16 -12 -20 -42 -48 -31 -43
-47 -7 -8 6 7 11 -7 -25
31 0 6 7 16 24 10 40
22 23 -1 -1 -5 12 72 77
-23 -5 -9 -8 -4 -24 8 -11
-2 -3 -2 4 -9 3 -2 31
99 16 15 1 2 19 -31 -29
-9 -1 3 5 5 17 1 -3
-58 6 -3 6 23 12 -43 51
44 11 1 1 -10 3 8 35
-36 -7 -13 -13 -32 -72 -13 2
-4 0 -2 -1 12 23 3 -29
30 25 6 2 1 -7 -69 -35
-23 -8 -10 1 16 12 17 21
-15 7 3 1 -5 -15 -13 37
13 -6 -5 3 6 11 6 -27
8 -9 -8 -11 -14 -38 15 -5
26 7 4 -3 -26 6 6 -17
30 7 -1 2 4 12 14 79
-53 -13 -2 0 1 -5 -6 -32
-6 0 -4 3 11 24 47 -20
-22 -4 -5 -5 4 -12 8 27
33 -7 -2 3 -4 6 -54 -56
16 -3 11 2 6 27 -6 8
27 5 5 2 -14 13 5 21
-55 -11 -10 3 21 -17 -32 -21
-5 17 1 -3 -1 15 0 -82
-13 -1 -4 -11 -61 -14 -1 37
37 1 -1 8 16 36 0 -13
-2 -10 -8 -8 5 -33 -13 -43
-42 4 -11 6 22 22 45 9
17 -19 -5 -19 -12 -73 -17 17
-34 1 1 -7 -14 5 -3 18
45 0 3 4 12 9 6 -36
27 6 8 -2 -24 -61 -34 51
-19 -2 -2 6 19 10 -10 -56
-46 -6 -8 -1 -8 -3 31 -32
66 7 8 4 8 -2 25 6
-41 -4 1 2 2 25 -34 -3
93 32 4 -2 -32 7 -16 13
58 -4 8 1 10 -13 -5 81
-28 -10 -4 3 -4 3 46 36
-13 -2 1 1 18 31 3 -32
-18 22 7 7 9 28 -17 13
3 -12 3 -3 3 -12 22 85
11 2 -10 -10 -17 2 -26 26
-19 -5 -14 -6 -2 -3 7 -51
-43 -1 -5 9 15 18 -1 -36
-7 3 3 9 32 28 -2 -67
-45 -16 -6 -25 -55 -62 -16 23
2 -3 -1 0 -2 -3 -2 0
-1 -1 0 -2 -1 1 -1 1
-3 -3 -2 -3 -2 -2 -1 -1
-1 -2 -3 -1 0 -2 -1 -1
0 1 1 -1 -1 -1 2 0
0 -2 0 -2 1 -1 -3 -2
0 -2 -4 -1 -1 -1 0 0
-1 -2 1 0 -2 5 0 -2
1 -2 -1 0 0 -2 0 -2
0 -2 -1 1 -1 -4 -1 0
-1 -1 0 -1 0 -2 -3 -1
-3 -3 -4 -2 -1 -9 1 -2
-2 -2 -1 -1 -1 -3 0 -1
-2 -2 -2 -2 -1 4 0 -2
1 5 4 3 2 -3 -3 -1
0 -1 -1 0 1 0 -2 0
-2 -1 -1 -1 0 2 -2 -2
-2 0 -2 -1 -1 -3 0 -2
-1 -6 -4 -3 -4 5 1 0
0 0 0 -2 -2 -1 -1 -1
-1 3 2 0 1 -4 -1 1
-3 -1 1 1 -1 -4 -1 -1
-2 0 -1 -2 0 3 0 0
0 -1 -1 -2 -1 -5 -1 -1
0 -1 0 -2 -1 -4 -1 -2
0 1 2 1 1 -2 0 -1
-1 -3 -2 -2 -2 1 -2 -1
-2 -2 0 1 0 -4 -1 0
-1 0 0 -1 0 -1 0 -1
-1 -2 -2 -3 -2 -2 -1 0
0 0 -2 -1 -1 0 -1 -1
0 0 1 0 -1 -8 0 -2
-1 -2 0 0 1 -4 -2 0
-1 0 -2 -1 1 -2 -1 -2
-1 -2 -1 -1 -1 2 -1 0
-1 0 -3 -2 -1 0 -1 -2
-3 0 -1 -1 -1 -1 -2 0
0 0 2 1 0 -3 0 0
0 -2 1 3 -1 -5 -1 0
-4 1 -2 -3 -1 3 -2 0
-2 -4 -5 -2 -1 -2 1 -2
-1 -2 -6 -4 -2 1 0 0
1 1 5 1 1 0 -1 0
2 -1 3 2 2 -4 -3 1
-2 -2 -1 -1 0 -3 -3 1
-3 0 -3 -1 -2 -3 -2 -2
-4 -1 -4 -1 0 1 0 -1
-1 -4 -1 -1 -2 0 2 -1
3 2 3 2 -2 -2 -2 -2
-1 -2 -1 -1 0 0 0 -1
-1 -1 -1 0 1 -2 -1 -1
-1 -3 -3 -3 0 2 -1 1
-1 -2 -3 -2 -2 -3 -1 2
0 2 1 -1 -1 -2 1 -2
0 2 -1 -2 -2 2 0 -2
2 1 2 2 -2 1 -1 -2
-1 -4 -1 0 0 -2 -2 -2
-1 -1 -1 0 -3 3 -1 1
-1 -2 -2 -2 0 3 -2 -1
0 -2 -2 -2 1 -1 0 0
1 0 0 0 0 3 0 0
-3 -3 0 1 -1 2 -2 -2
-1 -1 -2 -1 0 -3 0 -1
-3 -1 -1 -1 0 0 -1 -1
-1 0 1 0 -2 2 0 -1
0 -1 -1 -3 -1 0 -2 -3
1 -1 -1 0 -2 -2 -2 0
0 0 -2 -2 -2 -1 0 -3
-1 2 -1 0 0 -2 -1 -1
0 2 2 2 0 -1 -2 1
-1 -2 -3 -1 -1 -3 0 0
0 -1 0 1 -2 -4 -2 -2
-1 -5 -3 -3 -1 2 0 -3
-2 0 -2 -1 0 -3 -1 -1
-3 0 -2 -2 -2 0 -1 -2
-2 0 -1 -1 0 2 -1 2
1 0 -1 0 -1 0 0 -2
2 -3 4 -1 -2 -5 -2 1
-2 -3 -1 -3 -1 -2 0 -3
-1 -3 -1 -3 -2 -2 0 -2
-2 3 3 2 0 -1 -1 2
-2 -4 -5 -4 -1 -2 -2 -1
0 1 2 0 -1 -1 1 1
1 0 -1 2 -2 -5 -2 -1
-3 -1 -3 -2 -3 -1 -3 -1
-1 -1 0 0 0 -1 -1 1
-2 -3 -4 -2 -2 0 -3 0
1 1 1 -1 -1 -6 0 -1
-1 2 0 -2 0 -4 1 0
-2 -1 -2 -1 -2 -3 -1 -2
0 -2 0 0 -2 -1 2 -2
-2 0 0 0 0 -1 -1 0
-2 -1 -1 0 -2 -3 -1 0
-1 -3 -2 0 -1 -3 -1 1
-1 -1 -1 0 0 -3 -1 -2
-1 -1 0 -2 -2 -1 -1 0
-1 -2 -2 -2 -1 -2 0 -2
0 1 1 2 2 -3 0 -1
-1 -2 -2 -2 0 -3 -1 0
-2 -3 -5 -4 0 -2 -1 -1
1 0 2 1 0 -2 -2 -2
-2 -1 -3 -3 -3 0 0 -1
-1 2 1 0 -1 -6 0 -1
0 1 2 1 1 -1 -1 1
0 0 -4 -3 -1 1 -1 1
-2 1 -1 -1 0 -1 0 -1
-1 0 -3 -1 0 1 1 0
-3 -4 -5 -4 -2 0 -1 -3
0 0 2 -1 0 -4 -3 -2
1 0 3 2 -1 -2 -1 -1
0 -1 -1 -1 -3 -2 -5 0
-2 -3 -2 0 1 1 0 -1
-2 -3 -2 -1 -1 -2 1 -2
0 -3 -1 -4 -3 1 -1 -2
0 -2 -2 0 -1 -2 -1 1
1 2 -1 0 -2 -3 -1 0
0 -3 2 2 1 -2 -3 1
-1 -2 -3 -1 0 -1 -1 -1
-2 -2 -3 -1 -1 -2 1 -2
0 0 -1 0 -1 1 -2 0
-2 -1 -1 -2 -3 -1 -1 0
2 0 0 0 0 1 -2 0
-1 -3 -1 -2 -1 1 -2 0
-2 0 -2 -3 -2 0 -1 -2
4 2 4 3 0 -4 -1 0
-1 1 -2 -1 -2 -1 -2 -2
0 -2 -1 -2 -1 -1 -3 -2
-3 -3 -1 -3 -3 -1 -1 0
-1 -4 -1 -2 0 3 1 -1
-2 1 -2 -2 1 1 -1 -1
0 0 3 1 -1 -3 -2 -2
0 -1 1 1 -1 1 0 -3
-4 -1 -4 -3 -1 2 -1 -1
-1 -4 -2 -3 -2 0 1 0
1 -1 -2 -2 -2 2 0 -2
-1 0 -3 -2 -2 0 -3 -1
-1 1 2 0 0 -2 -1 1
-1 0 -2 -2 0 1 -1 -1
-1 0 -2 -2 -2 0 -1 -1
-1 2 0 0 1 0 -1 0
-1 0 -2 -2 -1 0 -2 -1
-1 2 -3 -1 -1 -3 -2 -2
-3 -1 -2 -2 -3 -2 -1 -1
0 -1 2 0 -2 -1 0 0
0 -3 -1 0 -2 1 0 -1
1 -3 3 0 0 -2 -2 -1
-2 0 -2 -1 -1 0 -1 0
-1 2 -1 -3 -2 -5 1 -1
0 -1 -1 -1 -1 -2 -1 -2
0 -3 2 0 0 -1 0 1
0 0 0 0 2 -6 -1 1
-3 -1 -1 0 0 -1 -2 -2
-2 -3 -4 -5 -4 -3 1 1
-2 -2 -2 -1 0 -6 1 -2
1 2 2 1 0 -1 0 0
1 -4 -2 -3 1 -2 0 -2
-1 -1 -2 -3 -1 -1 -1 0
-1 -1 -3 -1 -1 -1 -1 0
1 1 1 -1 -1 -4 -1 -3
0 -2 -2 1 -2 0 0 -1
-1 -1 0 1 1 -2 -2 -1
-3 -1 -5 -2 -1 -3 -1 -2
0 1 1 0 1 -3 -1 -4
0 0 2 2 1 -1 -1 0
-1 -2 -2 -3 -1 -1 -2 -2
0 0 -2 -2 -1 -3 0 -1
-2 -4 -4 -3 -3 -1 -1 -1
-2 -3 -3 -3 -2 0 0 1
1 0 4 2 2 -4 0 -1
-1 -3 -1 -1 -1 -2 -1 -2
-3 -1 -2 -2 0 0 0 2
-1 -1 -3 -1 -1 -3 0 -3
3 0 0 1 -2 0 0 1
1 -1 0 -2 0 -2 -2 1
-1 -1 0 0 -1 -4 -1 0
-2 0 -2 -1 -1 -1 -1 -2
-2 -2 -3 -1 1 -5 -1 0
-2 -1 -2 -3 -1 -3 -2 0
2 1 2 1 2 -2 -1 -1
-1 -2 -1 0 1 1 -1 1
-2 -1 -1 -2 -2 -1 0 -1
-2 0 -1 0 -1 -2 -1 -2
-3 -2 -3 -2 -2 -2 -1 -3
-1 1 0 0 -1 -7 1 -1
0 -1 -1 0 -2 -1 -1 0
-1 -2 1 0 -1 0 -1 -4
1 -1 -1 0 0 -7 0 0
0 -2 -1 -1 -2 -5 0 -1
-1 0 0 -2 -2 -1 -1 -1
-2 0 -1 -2 0 -5 0 0
-1 -2 -2 -1 0 1 -3 -1
0 1 3 2 1 -1 -2 -4
-2 -1 -5 -2 -2 -4 0 -3
-1 -1 0 1 0 -3 -1 1
-2 -3 -3 -4 0 -2 -2 -1
-1 -2 -3 -2 0 -7 0 0
0 2 1 -1 0 -1 -2 -3
0 -2 -1 0 -1 -4 -1 -1
0 2 2 0 -1 -3 1 2
-2 -2 0 -1 -2 -3 -2 -2
-1 -3 -1 -1 0 0 -2 0
-1 0 -2 -2 -1 -1 0 1
-1 -3 -2 -1 -3 -1 1 0
-1 -1 -1 1 0 2 -1 1
1 -2 -2 1 -3 0 -1 -1
-2 -1 2 0 -2 0 -2 -1
-2 -1 -3 -3 -3 0 -2 -1
1 0 -1 -1 -2 0 -1 1
-2 0 -2 -3 -1 0 -1 -2
1 1 0 0 1 2 -3 0
0 -2 0 0 0 -1 3 -4
0 1 -2 -4 -1 -1 -2 -3
-3 -1 -5 -3 -2 2 -1 -1
-1 1 -1 2 -2 -1 0 -1
1 0 -1 1 -1 -3 -5 -1
0 -3 -2 0 -3 3 0 -1
-1 -1 1 -3 -2 1 1 -1
-1 0 -4 -2 -2 0 0 -3
-1 1 1 0 -3 2 -4 -2
1 1 2 1 0 -4 -2 -2
-2 -2 -3 -1 -1 2 0 0
1 0 -1 0 0 1 -2 -2
-4 -2 -3 -1 -1 -3 1 2
-1 1 -2 -2 -1 -3 -4 1
-2 -1 1 0 -1 -6 0 1
-1 -1 -1 -2 -1 -4 4 2
0 -2 -2 -1 -1 1 -2 -4
-4 -2 -1 0 0 -1 -1 -1
1 1 1 0 0 -4 -1 0
-1 -1 -2 -2 -1 -1 -1 -2
-1 0 -1 -2 -2 1 0 1
-1 -3 -1 -1 -2 1 1 0
0 -1 -4 -2 -1 0 0 -1
0 -3 -2 -2 -1 2 0 -1
-1 3 1 2 0 0 -1 1
-1 -3 -3 -1 -1 -2 -2 -2
-1 -3 2 1 1 0 -1 0
1 0 0 -1 -2 -1 -2 1
-4 -3 -5 -3 -2 -2 0 -1
0 -1 2 0 -1 -3 0 0
0 -1 0 -1 0 -5 -1 2
1 1 2 1 -2 -2 -3 -1
-2 -3 0 -1 0 2 -1 -1
-2 -2 -2 -3 1 -2 -1 0
-3 -3 -1 0 -2 0 -2 -2
-2 -4 -3 -2 -1 1 1 -1
1 2 2 0 -1 -1 -2 -2
0 2 -2 -1 0 0 -2 -1
-1 -2 -2 -3 -2 -2 0 0
-1 0 0 -2 -1 -2 -2 -1
2 1 0 2 -1 2 -2 -1
-1 -2 -2 -2 -1 -3 0 0
0 1 -1 -1 -2 0 -1 1
-3 -3 -1 -1 -2 0 -1 -2
-1 -2 -1 -1 -1 -2 0 -1
-1 0 2 -1 -3 -8 0 -3
-1 -2 -3 -2 -1 -5 -3 -2
-1 1 1 1 -2 -4 0 -1
-1 -2 -1 -2 -1 2 -1 -1
-2 -1 -2 -2 0 -2 0 1
-1 -1 0 0 -1 -3 -1 -1
-1 -2 -2 -1 0 -3 1 0
-2 -1 2 -1 -1 -3 -1 0
-3 -2 -2 -2 1 0 -1 -2
-1 1 -2 2 -1 -4 0 -4
0 -2 3 0 -1 -4 0 2
0 1 0 -2 -2 -4 -1 -1
-1 -3 -4 -2 -1 -1 -1 -1
0 1 -1 0 -1 -6 -1 -1
-1 0 -2 1 -2 1 -1 0
0 1 0 -1 0 -4 -1 0
-1 -1 0 0 -2 1 -1 0
-1 -2 -1 -1 -1 -3 -1 -2
-1 -2 -2 -2 -1 2 -2 -2
-1 -3 -2 -2 -2 -1 -2 1
2 1 -1 0 0 -5 -1 -1
-1 -3 -2 0 0 -1 -1 -1
0 1 1 1 0 0 -2 0
-1 -3 -4 -2 -1 1 0 -1
0 2 1 0 -1 1 -1 0
-1 -2 1 -1 0 2 -2 -1
0 0 0 1 1 2 0 -3
-2 -2 -1 -3 -1 5 -1 -1
0 0 0 1 -2 -2 0 -1
2 1 3 2 0 -1 1 -2
-2 -2 -3 -1 0 2 -2 -1
0 -2 -4 -2 -2 -1 -2 0
-1 0 -2 -2 -1 -2 0 -3
0 -2 -1 -1 0 1 -2 -1
0 -2 -2 1 -1 0 0 -2
-2 -2 -2 -1 -2 3 0 -2
-1 -3 -1 -2 1 1 -1 0
1 2 1 1 -1 -4 -2 1
-1 1 3 1 -1 -3 -1 0
0 0 -2 2 -1 3 0 -2
-3 -3 -3 -3 -4 0 -2 -2
-2 0 -3 -2 -3 0 -1 1
-2 -2 -3 -3 -3 0 -1 0
-1 2 -1 2 1 -6 -4 0
0 1 0 -1 0 -1 -1 -2
0 -1 1 -1 1 -1 -2 -1
0 -2 -3 -2 -2 0 -1 -2
-2 -2 -2 -1 -2 -1 0 -1
-2 -2 -3 -1 -1 2 -1 0
-2 0 -3 -3 -1 -3 2 0
1 1 2 0 1 2 -2 0
0 -1 -1 2 -1 0 -1 -1
-1 -2 -3 -2 -2 -3 0 -1
-1 -3 -2 -3 -2 -3 -1 -2
-2 1 0 1 -1 -1 -1 -1
0 -2 0 0 1 -1 1 1
-3 -1 0 -1 -1 -2 -2 0
-3 -1 1 0 -1 -1 -1 0
-2 0 -2 -4 -2 0 -3 -2
-2 0 0 -2 0 1 0 0
0 0 -1 0 -1 0 -2 -2
-1 -2 -3 -3 -1 -2 1 1
0 -2 -1 2 -1 1 0 -2
0 0 4 1 -1 1 0 0
-2 -2 -2 -2 -1 -5 0 -2
0 -2 -3 0 -2 -1 -3 -3
-3 -2 -3 -2 0 -1 0 -1
-1 0 -1 -1 -3 3 -1 -2
0 1 3 0 -2 -2 -2 1
0 0 -1 0 -1 0 -1 0
0 -4 -2 0 1 -4 -1 0
0 2 2 0 0 -2 -1 -2
-2 -3 -1 3 1 0 -2 2
-1 2 3 1 -1 -5 -6 -4
-2 -4 -3 -2 -2 -2 5 -1
0 -2 -3 -3 -1 -1 -3 -1
0 0 -2 0 0 -3 -2 -1
-1 -4 -1 0 0 1 1 1
-1 0 -1 -1 0 1 -4 -1
-2 -1 -1 0 0 -3 2 -1
1 -5 -1 0 0 -1 -1 -2
-1 0 0 -1 -2 3 0 0
1 0 2 0 -1 -6 -3 2
-1 -2 -1 -1 -2 1 0 0
-2 -3 -1 -3 -1 3 -1 1
0 -2 -2 -1 -1 -5 -1 -2
0 -1 0 -2 0 -1 -1 1
-1 -2 -2 -2 -1 1 0 -1
2 1 4 3 0 -2 1 -1
-1 1 2 1 0 -1 0 -1
-2 0 -2 -1 -3 -1 -2 0
0 -1 -2 -3 0 -5 0 -1
-1 -1 -2 -4 -2 1 -1 -1
-1 0 -3 0 -1 -1 5 2
0 0 0 -1 -2 -3 -8 -3
-1 0 1 -2 -1 0 0 -1
-3 -2 -3 -1 -1 -2 1 -2
-1 0 0 1 0 -1 -1 -2
-2 0 0 0 0 -1 1 0
0 -3 -3 -3 -3 1 -1 1
1 2 0 0 -1 -3 -3 -1
1 -1 2 1 -1 2 -2 1
-2 -2 -2 0 -1 2 -1 -2
-3 -3 -3 0 -2 -1 -2 -1
0 0 -2 0 -1 4 3 0
-1 1 -1 -3 -2 0 -3 -1
-1 0 -3 -1 -1 -1 0 -1
-2 0 -2 -1 -1 2 -1 0
-1 -1 -1 -1 -3 -2 -2 1
-3 -3 -3 -2 -1 -2 -1 -2
-1 1 2 -1 0 6 1 1
1 -1 0 0 1 4 -1 0
-2 -1 -1 -2 0 -4 -1 -1
0 -1 -1 -3 -3 -4 -3 -2
1 -1 3 2 2 -2 -1 1
-1 -1 0 -1 -1 -1 -1 -1
-2 1 -3 -1 -2 -1 -1 0
-3 -6 -2 -3 -2 1 -3 -1
-3 0 -4 -4 -3 -2 -1 -1
1 0 1 2 -1 3 -2 -2
-1 -2 -1 -3 0 2 0 -2
1 2 2 1 1 -4 0 1
0 -2 -1 -2 -1 -5 -1 0
2 -2 -1 -2 0 0 -2 0
-2 -5 -3 -2 -1 -4 -2 0
-1 -3 -3 1 -1 -2 2 -1
2 0 2 1 -1 -2 -1 0
-2 0 -2 -2 -1 1 -1 -3
-1 -1 -1 0 -2 -2 -1 0
-1 0 -2 -3 0 -1 0 -1
0 -3 -1 -1 -1 0 -1 0
-2 -2 -2 -1 -1 -3 1 -2
-2 0 -2 -1 -1 1 -1 -1
1 1 2 2 1 -2 -1 -1
0 -4 -1 0 -1 -3 0 -1
-1 -2 -2 0 -1 -2 0 -2
1 0 2 2 0 -2 -1 -1
-2 -2 -5 -2 -1 -5 -2 0
-2 -2 -2 -2 -2 1 -1 -2
-1 -2 -1 -2 1 -1 -1 0
-1 -1 1 -2 -1 2 -2 1
-1 0 2 1 0 0 -3 -1
-1 -1 -2 0 0 -3 1 -4
-3 -2 -3 0 -2 -6 -2 -1
-2 -1 -2 -2 0 0 0 -1
2 -2 1 -2 -1 -6 -2 0
-2 -2 -1 -1 -2 -3 1 1
-1 -2 -1 -2 -1 1 0 1
-1 -1 0 -1 -1 -5 -1 0
0 1 2 1 -1 -5 -1 1
-2 -2 -3 -2 -1 1 -2 -3
0 1 0 0 0 2 0 -3
-2 -1 -1 -2 0 -2 0 -2
-4 -1 -2 -1 1 2 2 0
0 -1 -3 -3 0 0 0 1
0 -1 -1 -1 -1 3 -2 2
0 -1 1 1 -1 -6 -1 0
-1 -2 -3 0 -2 -2 -2 -3
-3 -2 -1 -1 -1 2 -1 -1
-3 0 -3 0 0 -1 0 -1
1 -2 -1 0 1 2 -1 0
1 1 0 0 0 -3 -1 0
-2 -1 -2 0 0 -3 0 1
1 -1 0 -2 -2 -2 -2 -2
0 0 -4 -2 0 1 1 0
-2 -4 -5 -4 -1 0 0 -1
0 0 -2 0 -2 -2 -1 0
-1 1 2 0 -1 -3 -1 -1
-1 2 1 0 -1 -1 -2 -2
0 -1 0 -3 -1 -3 0 0
-1 -3 -4 -3 -2 1 2 0
1 -1 0 3 -1 0 -2 0
1 -2 2 3 -2 -3 -3 -1
-1 -3 -2 -3 -2 -1 0 -2
-1 0 -1 -1 -1 3 0 0
-4 -1 -4 -3 -1 2 -1 -1
-1 -3 -1 -1 0 2 0 -3
0 0 -1 -1 -2 -2 0 1
2 0 1 1 -1 -1 -2 0
-1 0 -1 -1 -2 3 1 -1
-2 -1 -2 -1 -1 1 -1 -1
-1 0 0 -3 -2 4 -2 -2
-2 1 0 0 -2 1 -2 -2
1 1 3 2 1 -1 0 -1
-1 -1 1 2 -2 2 -3 -1
-2 -3 -4 0 -2 6 1 -1
-1 -1 -3 -3 -1 2 0 0
-2 -2 -1 -2 -2 -1 0 0
1 2 0 -1 -1 -2 -1 -1
0 -1 0 1 -1 -2 -1 0
-2 0 1 -1 -1 -1 -3 -1
-2 -3 -3 -2 0 -5 -1 -1
1 -2 -1 -1 -2 -2 0 -1
-2 -1 0 -1 -2 -2 -1 -1
-1 -2 -1 -1 1 -4 0 -1
0 2 2 -2 1 -3 -1 1
0 -1 -1 -3 1 -2 -1 1
0 0 -3 -2 0 0 -1 1
-1 -2 -2 0 -3 0 -2 -1
0 -1 -4 -1 -1 -4 0 -1
-1 1 0 -1 1 -4 1 -2
-1 -1 -1 -1 -2 2 1 1
0 1 0 -1 0 0 -1 -2
1 -1 -2 -3 0 -2 0 0
-1 1 1 1 -2 -2 -3 -2
-1 -1 -2 0 -3 1 -1 -2
0 -1 1 -2 0 -7 -2 -1
0 0 0 1 0 5 -2 0
-2 -1 -2 -3 -1 -2 -1 -2
-1 -2 -1 -1 -1 -5 -1 0
0 -1 -1 2 0 -3 -2 -4
0 -3 -1 -3 -2 -4 -1 -1
-1 -2 -2 -2 -1 1 0 0
-1 0 1 0 2 -3 -1 -1
0 -3 -1 -1 0 -1 -1 -2
0 -4 -1 1 -2 -6 -2 0
-1 -1 -1 -2 -1 2 0 -2
0 1 1 1 -1 -5 -1 -1
-3 0 0 -3 0 0 0 0
-1 2 3 1 0 -6 -3 -1
-4 -5 -3 -2 -2 4 2 0
-1 -4 -2 0 -2 -3 -1 -1
1 -1 1 -1 0 0 0 -2
-1 0 -3 -2 -2 -1 -2 -3
-2 1 1 0 -1 -3 -4 0
-2 -4 -1 -1 0 0 -2 -3
-2 -3 -1 -1 -1 -3 0 1
-1 -1 1 1 0 -8 1 1
-2 0 -2 -4 -1 0 -2 -2
0 2 1 -2 -1 0 -3 0
-1 0 1 1 -2 -2 0 1
-1 -1 0 -1 -1 0 0 -2
0 -2 -2 0 0 -4 -2 0
-1 0 -2 -3 -4 -1 -1 -1
-1 -3 -1 -2 -2 0 -1 -2
-2 -2 -1 -1 -2 0 -2 -1
-4 -2 -2 0 -2 6 1 -1
0 -1 0 -1 0 2 -1 0
1 -1 -2 -1 -1 -1 0 -3
1 -2 -2 -2 0 -3 -1 0
1 0 -1 1 -1 1 0 0
0 -1 0 0 0 -1 -1 -1
-2 -1 -3 -1 -1 -1 -1 0
0 -2 1 -1 -1 -3 -3 -2
-2 -2 -1 -2 0 -1 -2 -1
