0 -2 0 -1 -1 2 1 -3
0 -1 0 0 0 -1 -1 1
-4 -3 -5 -3 -3 -2 -1 0
1 1 0 2 -1 -2 -2 0
1 0 1 -1 0 1 1 -1
1 -1 0 -2 -1 0 -1 -1
-1 0 -1 -2 -1 -2 -2 0
-3 -4 -4 -2 -2 0 1 -2
-1 0 0 -2 0 3 0 0
-1 2 1 -1 -1 -2 -3 -1
1 -1 -1 -1 0 -3 -3 -1
-1 -1 -2 -2 0 0 -2 -1
1 2 -1 0 -1 -1 0 -1
-1 0 -1 0 1 3 0 0
-2 -3 -4 -1 -1 -6 -3 0
0 1 -1 -1 0 0 0 0
-1 -1 2 0 0 -1 -1 0
-1 -3 -3 -2 0 1 2 -1
-2 -1 0 1 -2 -1 3 -2
0 -2 -2 -1 -3 -5 -7 -2
-1 -2 -1 0 -1 -1 -1 1
-1 0 1 0 0 -4 -2 -2
2 -1 1 -1 0 1 0 -1
-1 1 3 0 0 1 1 -1
0 -1 0 -1 0 1 -1 -2
-1 -1 -2 -1 -2 0 0 -2
-1 -2 -1 -1 0 -3 -2 0
0 2 2 -1 -2 -2 -3 -1
-2 -1 -1 -1 -2 0 1 -1
-1 -1 0 -2 -1 -2 -2 -1
-1 -2 -2 -3 0 3 -2 -1
-2 -2 -2 -1 -1 -3 0 -2
-2 -2 0 -1 -2 2 0 0
-1 -3 -2 -1 -1 -4 -3 -2
0 1 -2 -1 -3 -4 -2 -1
2 0 2 2 0 2 0 1
-2 1 0 0 0 0 1 -1
-1 -1 -2 -2 -2 -5 0 0
-3 -4 -3 -2 -2 -2 -1 0
-2 -4 -3 -4 -2 2 0 -2
2 2 2 0 1 0 -2 0
-1 1 0 1 0 1 0 0
0 2 4 8 1 -3 -2 -2
-3 -2 -3 -3 0 0 0 -2
-1 -2 -2 -1 1 0 2 -1
0 0 -1 -2 -1 -3 -3 0
-1 -3 -3 -3 -2 -4 -1 -1
1 -1 1 2 -1 2 -1 0
-1 -1 0 -3 -2 -2 -3 0
-1 -1 -2 -3 -2 2 1 -2
-2 -2 -2 -2 -1 -2 0 -2
-1 -2 -1 -3 -1 0 2 -1
0 -1 0 -1 -3 0 -3 -2
-2 -3 -1 -1 0 0 -1 -1
-2 -1 -3 -2 -1 -3 1 -3
1 0 -1 0 -2 -3 -3 -2
0 1 3 1 -1 -2 0 2
0 -1 0 0 -1 0 -2 1
0 -3 -2 -1 0 3 1 -1
-2 -2 -3 -3 -1 -7 -2 -2
0 -3 -4 -2 -2 0 1 -1
-1 0 0 1 -2 1 -1 0
1 1 1 -1 -2 -6 -4 -1
0 0 0 1 -2 1 1 0
0 -2 -1 0 -2 0 -2 -1
-1 -2 -2 -1 0 -3 1 -3
0 -1 -3 -2 0 2 1 0
-1 1 -1 -1 -1 -4 -5 0
2 0 1 2 -1 -1 0 0
2 2 2 0 1 -1 -2 0
-1 -3 -3 -1 -3 1 1 -1
-3 -2 -2 -2 -1 -3 -3 -1
-4 -2 -4 -2 -1 -1 -1 -1
-1 -1 0 0 -1 1 0 -1
-1 -1 0 -1 1 -3 0 1
2 -1 1 0 0 1 1 1
-2 0 -1 -1 0 1 1 -1
-2 -1 -1 -2 -1 0 1 -1
0 0 -2 -2 0 0 -4 -2
-1 -1 -1 0 -1 1 2 -1
-2 -2 -2 -2 -1 -3 -2 -2
2 0 2 1 1 2 -1 0
1 -1 -1 1 0 3 0 1
0 -1 -1 0 -1 0 0 -1
-2 -2 -4 0 0 -2 0 0
-2 -1 -2 -3 -1 -3 -1 -3
-2 1 1 1 -1 0 1 -1
0 -1 1 0 0 1 0 0
1 0 0 0 -1 -3 -2 -2
-1 -3 -3 -3 -1 -3 -2 -1
0 1 2 0 0 -1 -4 1
0 -2 -1 0 -1 2 -1 -1
0 -2 0 -1 0 2 -3 -2
-1 -2 -3 1 0 -3 -1 0
-2 -2 -2 -3 0 0 0 -2
-2 0 -2 0 0 -3 -2 -2
0 0 0 0 -1 1 -1 0
-1 1 4 1 1 -2 -1 -1
-1 -2 -2 -2 -1 -1 1 0
-1 -1 0 0 0 -2 -2 -1
-3 -2 -3 -2 0 4 3 -2
0 0 -1 -1 -3 -6 -5 -3
2 0 1 1 -1 -1 0 -1
0 0 0 0 -1 0 2 -1
-1 -2 -1 1 -1 -5 0 -1
-2 -2 -2 0 -2 -1 1 1
-2 0 -1 -3 0 0 -1 -2
-1 -1 -3 -1 -2 -2 -4 0
0 1 0 -2 1 -2 -2 2
2 0 0 -1 0 -3 -1 0
-1 -2 0 -2 -3 -2 -3 0
-1 -2 -3 -4 -1 1 0 0
-1 -1 0 0 -2 -4 0 -3
-3 -2 -3 -1 -1 -2 -1 -1
0 1 -2 1 -2 0 1 -1
-1 0 0 -1 -1 0 -2 -2
0 -1 0 -2 0 -5 -4 -1
0 -1 1 0 -2 1 0 -1
1 0 0 -1 -2 -1 -1 -3
-1 -1 -3 -2 -1 -1 0 -1
-1 1 0 0 0 3 1 0
0 -1 0 -1 -1 -8 -4 -3
-2 -2 2 0 0 -3 0 0
-1 0 1 -2 -1 0 1 0
0 -2 -2 -3 -2 1 -1 -2
0 -1 -1 -1 -2 2 1 -1
-2 -2 -2 -2 -1 -1 -1 0
1 -3 -1 0 0 -3 -3 -1
0 -1 -1 1 -1 -3 -1 -1
0 0 0 -1 -1 2 -1 0
0 1 -3 -2 0 -2 -3 -1
0 -1 -1 -2 0 -2 0 -1
-2 -3 -2 -1 -1 1 -1 -2
0 0 2 -1 0 -2 1 -1
-1 1 -1 0 0 -5 -4 0
-3 -1 1 0 -2 -1 2 1
0 0 -2 -1 -2 0 0 1
0 -2 -3 -2 -1 0 0 0
-1 0 1 0 -1 -1 -1 1
0 0 -1 -2 -2 -2 -2 -2
0 0 2 0 -1 -2 0 -2
-2 0 -1 0 -1 1 -2 0
-3 -2 -4 -3 -1 1 2 -1
2 2 3 3 0 -2 -2 2
0 -2 0 -1 -1 1 -2 0
-1 -1 -2 -1 -1 1 5 -1
-2 -2 -2 -1 -1 -2 -4 -3
-2 -2 -4 -1 -2 1 -1 -1
0 0 -1 -1 -2 -4 -2 0
-1 -2 -2 -1 -1 1 1 0
-1 -3 1 1 0 0 -1 0
0 -2 -3 -1 0 -1 -1 0
0 0 -2 -1 0 1 -1 2
-2 0 -3 0 -1 -6 -4 -2
0 -2 -3 -1 -3 1 1 -2
-2 0 -1 -1 -2 0 -5 -2
0 -1 -1 -1 1 -2 1 -1
1 0 0 0 1 -2 0 1
-1 1 -2 0 -2 -1 2 1
0 -1 2 -1 2 -1 0 -1
-2 -2 -3 -2 -1 1 -1 -1
0 1 0 -1 -3 -8 -6 -1
0 0 1 -2 0 2 0 -2
-1 -1 -1 -2 -3 -2 0 -1
-1 1 -1 0 0 -3 -2 -1
-2 -2 0 -1 0 3 -1 0
1 0 0 -1 0 -1 -2 -1
-3 1 -1 0 -1 1 0 -1
0 -2 -1 -1 -1 -3 0 -3
0 -2 -2 -2 -1 -1 -2 -1
-2 -3 -3 -2 0 -4 -5 -1
-1 0 0 2 0 2 3 -1
0 1 -1 1 -3 -3 -1 0
-3 0 -2 0 0 0 -1 0
0 0 0 0 -1 -1 2 1
0 -3 -3 -3 -1 -3 -4 -2
-4 -4 -3 -1 0 -1 -1 -1
1 1 -1 -2 -2 1 1 -1
-1 0 2 2 -1 -3 0 -3
1 0 0 -1 -2 0 0 1
-3 -3 -3 -1 -1 -4 0 -2
0 -2 -3 -2 -1 -3 -2 -1
-1 0 -1 0 0 1 1 0
0 0 0 -2 1 -2 -2 -1
-2 -1 -2 0 -1 3 0 1
-1 -3 -2 -3 0 -3 -1 -1
1 2 1 2 -1 -2 0 -1
-1 0 -1 -1 -2 -2 2 -1
-1 -1 1 -2 -1 1 -1 -2
-1 -1 -3 1 1 0 -2 -2
-2 -2 -1 -2 -1 1 0 -1
1 -2 0 -1 0 -1 -3 -1
-1 0 -1 -2 -2 -2 -1 0
-1 -1 0 -1 -2 0 1 0
0 1 0 -2 -1 -4 -1 -1
-3 -1 -2 -3 -3 0 -1 0
0 2 1 0 2 -1 -3 0
-1 -2 -2 -2 -1 2 2 -1
2 1 2 -1 -1 -7 -8 0
-2 -3 -2 -2 -1 0 2 -1
1 0 -1 -2 -2 1 1 -1
-1 -1 1 1 0 -2 0 -1
-2 -5 -4 -2 -2 -3 0 -2
-1 -1 -1 0 -1 -2 -2 -2
-2 1 -2 0 -2 -1 -3 1
0 1 0 -1 -2 1 -4 1
0 0 0 -1 0 0 2 -1
-1 -1 0 -1 0 0 0 0
-2 -1 -1 -1 0 -2 1 -2
-4 1 -1 -1 -2 -4 -2 -2
-1 -3 -3 -1 -1 0 -2 0
0 0 -2 -3 0 1 -1 -2
-1 -1 -3 0 -1 -4 -3 -2
2 1 1 1 -1 0 1 -2
-2 1 1 0 -1 -1 -1 1
-3 -1 -3 -1 -1 -1 1 1
-2 -1 -1 -1 -2 2 2 -2
3 3 2 2 0 -7 -8 -1
-3 -2 -3 -2 0 3 3 0
1 0 -1 1 -1 -1 -1 -1
-1 -2 -1 -2 0 -1 -1 -1
-3 -2 -3 -1 -3 2 2 -2
0 -1 -2 -1 -2 -3 -1 0
-2 -2 -2 0 -1 -1 -3 0
-1 -3 -5 -3 -2 -3 -1 -2
0 0 0 1 0 4 4 1
3 4 2 1 0 -1 -5 0
-2 -2 -2 0 -3 -4 2 -1
-1 0 -1 -1 -1 -2 -1 0
-4 -3 -5 -5 -1 -2 0 -2
-1 -4 -5 -1 -2 1 0 -2
-2 0 1 1 0 -1 -3 -2
0 1 1 0 2 0 1 0
-2 0 -1 0 0 0 -1 -2
-1 1 0 0 -2 3 1 -1
0 -1 -1 -1 -3 0 -2 1
-2 0 0 0 0 -2 -2 -1
-2 -3 -1 -2 -1 2 2 -2
-1 0 -4 -1 -1 -1 3 -2
-2 -2 0 3 -2 -1 -1 -1
0 -3 -1 0 -3 -7 -3 0
1 0 -2 -3 0 -1 -1 2
-2 0 2 5 -1 0 0 -2
-3 -3 -4 -8 -2 -2 -1 -3
-1 0 -2 -1 -2 0 0 -2
-1 0 5 5 0 -1 -2 0
0 -3 -2 -3 -1 0 -1 1
0 -2 -1 -1 0 -4 -1 -1
1 -2 -3 -3 0 1 1 0
-1 -2 -3 -1 -1 -1 0 -1
-3 -3 -1 -1 -1 0 -2 0
-1 -1 2 2 -1 -1 -2 -1
1 1 1 -3 -1 1 0 0
1 -2 -1 0 -1 0 0 0
-1 -1 -1 0 -1 -3 0 0
-1 0 -3 -4 0 -2 -3 0
0 -1 0 0 0 0 0 0
0 0 0 0 0 3 0 -1
0 0 0 -1 0 2 0 0
-1 -2 -1 -1 -1 -4 0 0
0 -1 -1 0 -1 -8 -7 -2
-2 -3 -4 -3 0 -1 0 -1
0 1 0 -2 0 2 -1 0
3 1 2 2 2 -1 -1 1
-2 -3 -3 1 -1 1 1 0
0 1 0 -2 -1 -2 0 -2
-4 -3 -4 -5 -1 -2 -2 -1
-2 0 -2 -2 -2 -1 -1 -1
0 -2 1 1 -1 -1 -3 -2
-1 -2 -2 -1 -1 -1 1 -1
-2 -2 -2 -1 0 -2 2 0
1 2 -1 -2 -1 1 -1 -2
-1 2 -3 -2 0 -2 0 0
-1 -1 -2 -2 -2 -1 -1 0
1 1 2 -1 -1 2 -1 -3
-2 -2 -2 -2 0 -3 -2 -2
-1 -2 1 -1 -3 0 0 -2
0 -1 -2 -1 0 1 0 -1
1 1 0 -3 -3 -6 -5 -2
-1 -3 -2 -2 0 0 1 -1
0 1 1 0 0 -1 1 0
-1 -1 0 0 0 -3 0 0
-3 -2 -3 0 0 -3 0 -1
1 -1 -1 -1 -1 0 -2 0
-1 1 0 0 -2 3 3 -1
-2 -1 -2 -2 -1 -2 0 -2
-2 -2 -1 -1 -1 -1 -3 -1
-1 0 0 0 -1 -2 0 0
-1 -3 -4 -2 0 -1 -2 0
0 2 0 0 -2 -5 -3 -2
1 -2 -1 -2 -2 2 3 0
-1 -3 0 -1 -2 3 4 -1
0 0 -3 -1 0 -5 -4 -2
-1 0 -2 1 0 -1 -2 -2
-1 1 1 0 -1 -4 -2 0
-2 -1 -3 -2 0 1 -1 0
-3 -2 -2 -1 -1 -1 0 0
1 1 3 0 -1 -5 -2 0
-2 -1 -2 -1 -1 -1 -1 0
-2 -1 -1 2 -2 0 0 -1
0 0 0 0 0 1 0 0
-1 -1 -2 0 -1 0 -5 -3
-1 -3 -3 -1 0 3 4 -1
-2 0 -1 -1 -1 -1 -1 0
-1 0 1 -1 -2 -4 -3 0
0 -1 -2 -2 -3 1 0 2
1 1 0 0 -3 -1 -2 -1
-2 -2 -1 -1 -1 2 1 -2
0 1 1 -1 -1 0 3 -2
-3 -4 -2 -3 -1 -4 -2 -1
-1 -1 0 0 1 -1 -1 0
2 3 2 -1 -2 -3 -1 0
-2 -3 -2 -2 -3 4 2 -3
-2 -1 -1 -1 -1 -3 -2 -1
-3 -2 -3 -1 1 -2 -1 -2
-1 -2 -4 1 -1 -1 -1 -1
-3 -2 0 0 0 -2 0 0
-2 -3 -2 -1 0 4 3 0
0 -1 1 1 -2 -3 -5 -1
-1 -1 -1 -1 -2 -2 -2 -1
-1 -1 -1 0 0 -1 -1 0
0 0 -1 0 -1 -3 -1 -3
-2 -1 -1 -2 -2 1 0 -1
-2 0 1 -3 -1 -2 -1 -1
-2 -1 -2 -3 -1 -2 -1 -1
0 0 0 0 0 0 1 0
1 1 0 0 0 3 2 -1
-1 -1 0 -1 1 -12 -9 -3
-1 -1 -1 0 -1 0 0 -2
-2 -3 -2 -2 -2 -2 1 0
0 0 -2 -2 -3 1 -1 -1
1 -3 -3 0 -1 0 1 0
-1 -1 -1 0 -1 -1 0 -2
0 -1 -1 0 -2 -2 -3 1
-1 -2 -3 -1 0 -2 -3 -2
2 1 0 -1 1 3 -1 1
-1 -3 -2 -4 -1 -4 -3 -1
-1 -2 -1 -2 -1 -1 -1 -2
-2 -2 1 0 -1 -3 0 -1
-1 -1 0 -1 -1 -1 0 -1
-1 -2 2 1 -2 1 0 -1
-1 0 -1 -1 -1 -1 0 -1
-1 2 1 -1 1 -1 0 -1
-1 0 -1 -2 -1 -1 1 -3
1 1 -1 0 0 -2 -2 -2
1 -1 -2 -2 -1 0 -1 -2
1 0 -2 -3 -3 -1 0 -1
-2 -3 -3 -3 -2 1 2 -2
0 -1 0 -1 0 1 -1 0
1 4 4 1 1 -2 -3 2
-2 -1 -2 1 0 0 -1 0
-2 0 -1 1 -2 -4 -1 0
-2 -3 -3 -3 -2 0 -3 -1
0 -2 -2 -1 -1 -2 -1 -1
0 -2 0 -1 -1 -4 -2 1
1 -1 0 -1 -1 3 0 -1
1 0 0 0 0 -3 -2 1
0 -1 -2 -2 0 0 0 0
-1 0 0 0 0 0 1 -2
-2 -2 0 -1 0 -2 -1 0
0 0 -2 -1 -1 -1 -1 0
-2 0 -2 -1 0 1 -1 -2
-1 -1 0 -1 -1 -2 -3 -1
2 0 -1 0 -2 1 2 -1
0 3 2 -1 1 -2 -1 -1
-1 -2 -2 -3 -2 -2 -1 -1
-2 -1 -2 0 -1 -2 0 0
-1 -2 -2 -1 0 0 1 0
-2 -2 -2 -1 -1 -4 -3 0
0 1 -1 0 -2 0 0 -2
-1 -4 -1 -2 -1 -2 -3 -2
-2 -1 1 -1 -1 1 1 -1
0 -1 0 0 -1 -2 -2 -1
1 1 -2 0 -1 -1 -3 -1
-2 -2 -2 -1 -1 1 -1 0
-1 1 -1 0 0 -2 -3 -1
-1 0 -1 -1 1 1 -1 -3
-1 0 0 -1 1 -1 -1 1
-1 0 -4 -2 -1 -3 2 -1
-2 -3 -4 -1 -1 -1 -3 -2
-3 -1 -2 0 0 -1 0 -1
-1 -3 -1 1 -3 -1 -2 0
0 -2 0 1 0 3 1 0
1 0 -1 0 -2 -2 -1 -1
0 -1 -3 -1 -1 -1 1 -2
-2 -1 0 -1 0 1 1 -2
0 -1 -1 0 -2 -2 -2 -2
-1 0 0 0 -2 -4 -5 0
0 -2 -1 -2 -1 2 3 -1
1 -2 1 -2 1 -4 -2 1
-2 -2 -1 -2 -2 -1 -1 0
-4 -4 -1 -3 -1 1 -2 -1
1 2 2 2 1 -2 -2 1
-2 -3 -2 -3 0 -2 0 -1
-2 2 -1 1 -1 -2 -1 -2
0 -1 -3 -1 -2 0 0 0
-1 0 -3 0 0 2 3 0
-3 0 -2 0 -2 -6 -7 -2
2 0 1 -1 0 0 -3 0
-1 -1 1 1 0 -1 2 -2
-1 -2 -2 -1 -1 -1 -2 -2
-1 1 0 1 0 -3 1 -1
-2 -3 -3 -1 0 2 1 0
1 1 -2 0 0 -1 0 -2
1 -1 0 -1 -1 0 -1 -1
-1 0 -3 -2 -1 -5 -3 -1
0 -1 0 0 -1 0 2 -1
0 0 -1 -2 -1 2 1 -1
-1 0 0 1 1 -4 -1 -2
-1 0 -2 0 1 1 0 -3
1 -2 0 0 -1 -2 0 0
-1 0 -1 0 -3 -2 -2 0
-2 -3 -1 -4 -2 -1 0 -1
-1 -2 -3 -1 -1 3 0 -1
-2 -1 0 1 -2 3 1 -1
0 0 -1 0 -1 -10 -9 0
-1 -2 -2 -1 -3 0 -3 0
-2 -1 1 -1 -2 1 0 -2
1 2 1 -1 0 0 -2 -3
1 2 1 -1 0 2 1 -1
-1 0 0 -1 -2 -2 -1 -1
-1 -3 -5 -4 -1 -1 -1 -1
-2 -1 -2 -1 1 1 0 -2
1 0 2 1 -1 -3 -3 -1
1 1 2 1 0 -3 -3 -2
0 -1 -2 -1 -2 2 4 1
-2 -1 -3 -3 -1 -3 -3 -2
-3 -1 -3 -4 -1 2 1 -2
-3 -2 -2 -1 -2 -2 0 -1
-1 -2 0 -1 0 1 0 -1
-1 -1 -1 -1 0 -4 2 -1
-2 -1 -1 0 -1 -7 -6 -1
1 1 0 -2 0 2 1 1
-2 -2 0 0 0 -3 -2 -3
-3 2 0 -1 -2 0 -2 -1
-1 -3 -2 0 1 1 1 -1
-2 -4 -4 -2 -3 -2 -2 -2
1 -1 2 0 -1 0 -1 1
-1 -3 -2 -2 -1 -4 -4 -3
-1 -2 -4 -5 -3 0 2 -1
-1 0 -2 -1 0 0 -2 -2
-1 0 0 5 -2 0 0 0
1 -1 2 2 2 0 3 2
0 1 2 -2 0 -2 0 -3
-1 0 -1 4 -1 -4 -2 2
-1 -1 1 -2 -1 -1 -2 -2
-1 0 -1 -2 -2 0 -4 -1
1 -3 -4 -1 -1 0 3 0
-1 -1 0 -3 0 1 1 -1
-1 0 -1 0 0 -2 -2 -1
0 -1 -2 -1 -1 3 1 0
-1 1 -1 1 -1 -5 -5 -3
-1 -1 -2 -1 0 0 -1 -1
0 0 -1 -2 0 1 2 1
-2 -2 -2 -2 -1 -2 -1 0
-1 -2 -2 -2 -2 0 1 1
1 1 1 1 0 1 0 -1
-2 -2 -3 -1 -2 -1 -2 -1
-2 0 0 0 -1 1 0 -1
-1 -2 0 1 1 0 1 1
-1 0 -1 0 0 -2 -3 -1
1 1 -1 -2 0 0 -1 -1
-1 0 0 0 -3 -3 -1 0
-3 -1 -4 -1 -2 -2 -1 -1
-1 1 -1 -3 -1 0 1 -2
1 0 -3 -2 1 -2 -2 -2
-1 -2 -3 -3 0 -2 -3 -1
-1 -1 2 -2 0 1 -1 -1
-1 -3 -3 -1 -1 -1 -1 0
-1 -4 -2 -1 -3 0 -1 0
1 -1 -1 -1 1 2 2 -2
-1 -1 -2 0 -1 -2 -3 -1
-3 -1 -2 -2 -2 1 0 -1
-3 -1 -1 -1 -3 -7 -2 -3
2 1 2 1 0 2 0 0
2 0 0 1 0 1 0 0
-1 -4 -3 -2 -1 -4 -1 -1
-3 -2 -3 -2 -3 -1 -2 0
-2 -2 0 -1 -1 0 0 -2
1 1 0 1 1 -2 -2 -1
-1 -1 -2 -3 0 -1 0 0
-2 -2 -2 0 0 0 0 -1
0 -3 -1 -1 0 -5 -4 -1
0 -1 3 0 0 -1 0 -1
-2 -1 -2 -3 -3 -2 0 -2
0 3 0 -1 0 1 -2 0
-2 -2 -2 -2 -2 -1 -2 -1
-2 -2 -2 0 -1 1 1 -1
-1 -4 -3 -3 1 1 -1 -1
1 1 3 0 0 3 1 0
-1 -2 -3 0 -2 1 1 -2
-1 -1 -2 -1 -2 -12 -9 0
0 2 3 1 1 -2 0 -1
0 -2 -2 -2 -1 -1 0 -1
2 0 0 -1 -1 3 2 0
-3 -3 -3 -2 -2 2 0 -2
-1 -1 0 -1 -3 0 -2 0
-1 -1 -2 -2 1 -3 -1 -1
-2 0 -2 0 0 -3 -3 0
-2 -4 -2 -1 -2 0 2 -2
0 -3 6 36 -1 -25 -2 0
0 3 27 56 -21 -37 -2 -3
7 4 -9 -97 -34 39 23 10
-4 1 36 94 100 58 1 -6
6 2 -17 -119 -123 30 13 9
3 2 6 64 65 69 10 4
-5 -4 14 98 35 2 -12 -6
10 11 -9 -93 -68 -26 14 13
-9 -6 7 -5 -36 -19 -14 -11
-1 1 9 64 46 -66 -7 -12
3 -2 -31 -76 52 -7 3 16
-3 -7 -8 -13 2 51 2 -2
7 8 7 25 47 -6 2 8
-2 -6 -11 1 95 23 0 -4
-14 -13 24 81 70 -2 -23 -21
0 -2 -7 -35 -28 -103 -14 -1
9 13 0 -93 -47 -39 15 8
-27 -30 -8 14 33 -81 -55 -31
3 7 11 11 -57 26 3 3
8 8 -2 -70 -20 42 14 7
-7 -4 19 90 111 17 -4 -9
2 -1 -31 -118 -128 19 11 8
-5 -6 -8 -7 -37 -43 -8 -7
-5 -4 2 76 -55 5 -13 -8
-12 -16 -12 89 52 8 -15 -11
-1 2 16 93 53 -7 -9 -4
4 2 -7 -89 -47 -2 7 5
-1 3 34 98 83 11 3 -1
7 9 -1 -33 -36 17 10 10
0 -2 -2 32 36 24 4 2
-2 2 17 33 -36 61 4 -3
9 5 -17 -67 -62 35 11 9
-2 0 1 -14 92 -54 -2 -2
-2 -3 -11 -77 -16 44 2 -2
5 6 8 45 70 40 13 7
-4 -3 -3 29 22 -86 -14 -6
0 0 0 -45 -86 3 6 -1
12 10 -8 -55 -28 40 19 19
-8 -10 -4 47 -15 -16 -11 -9
1 1 -5 -47 -71 38 2 0
9 11 21 1 -42 44 -1 6
-7 -10 -1 92 33 -23 -15 -12
2 3 1 59 9 -23 0 5
3 2 8 -33 -29 57 16 3
-1 6 14 72 47 49 -7 -2
2 -1 -9 -87 -56 22 4 -1
-6 -8 -8 24 94 9 -9 -5
-6 -9 -15 -59 6 7 -7 -5
2 -2 -11 -62 -36 -42 3 3
0 5 13 29 -13 -44 1 1
3 -2 -28 -85 -49 -25 0 -1
-8 -7 -13 -49 -31 -36 -8 -5
-1 -8 -14 -87 -74 -14 1 -3
-5 -1 15 88 79 -15 -5 -8
7 6 11 3 39 39 10 19
-2 -2 -6 47 7 -2 -6 -2
-7 -7 -3 35 61 -3 -5 -5
-4 -6 -8 -43 -51 -33 -6 -10
-3 -2 -4 23 9 39 3 -8
-1 1 8 50 0 -12 -11 2
7 11 11 35 12 29 16 5
-6 -11 -20 -126 -39 -27 -8 -1
2 7 7 -78 20 -66 -5 -1
-4 -6 -12 29 21 8 -13 -16
0 2 -6 -81 -99 -83 -2 20
4 9 25 85 31 62 11 4
-11 -15 -5 77 -128 -29 -20 -12
6 2 -29 -64 64 -15 9 3
-3 -5 3 113 5 -49 -9 -12
1 -2 -18 -67 -66 -12 -4 11
-3 0 10 30 3 -14 -3 -6
-2 -2 -6 -48 -106 -82 -14 0
-5 -2 5 61 -12 71 -6 -6
-1 0 -3 47 71 17 2 -2
20 22 -2 -77 -70 105 41 19
-5 -6 9 -23 -107 -5 -7 -3
2 -1 -10 -118 2 7 5 3
-1 0 6 -6 -52 -96 -17 -6
-2 0 6 9 -75 -69 -15 -4
-3 -9 -21 -47 56 45 12 2
-3 -4 -3 71 58 -2 -19 -16
5 6 8 -36 -72 -21 9 19
-14 -19 -19 6 72 -2 -29 -21
0 4 13 -19 50 8 5 -3
1 -1 -5 -88 -109 -32 8 8
-17 -18 -14 66 88 -11 -29 -24
0 -1 3 -42 4 1 0 1
-1 1 7 35 -20 39 6 -1
-7 -9 -9 9 52 32 -5 -8
0 2 10 60 -84 -50 -4 -3
2 1 -8 -83 -46 10 3 4
-3 -4 28 123 118 50 15 -1
-3 -1 6 67 1 81 0 -4
8 10 13 12 1 70 17 12
-20 -26 -9 122 71 -13 -32 -25
4 9 -1 -110 -78 -61 -2 -2
-1 -4 -15 -76 30 -29 5 14
0 1 0 -19 -15 65 14 -2
8 9 7 27 87 95 33 13
2 2 7 55 15 33 -6 3
-1 -4 -9 -26 -30 0 -5 -7
-1 -2 -7 -109 -103 23 6 2
7 12 -8 -128 -103 -49 13 10
-16 -21 -17 125 -36 -61 -35 -17
9 12 22 5 9 -39 11 8
-3 -7 -33 -86 31 12 1 -2
-4 1 28 127 78 -14 -10 -7
8 6 -2 -19 17 32 16 11
5 7 18 26 -64 4 7 3
4 3 3 20 -34 -62 -10 -1
-9 -8 -10 37 23 27 -18 -12
-2 2 7 11 88 31 -3 -1
3 -3 -10 14 80 68 16 3
7 14 24 23 24 -8 0 4
-11 -15 -24 -28 -7 1 -10 -10
2 2 2 -21 33 82 8 6
-4 0 2 79 59 26 0 -3
-6 -5 -4 -62 -26 25 -4 -7
8 10 11 29 -27 -23 8 9
-8 -9 -4 82 -43 -78 -19 -9
-2 -2 -12 -69 -80 -57 -15 -12
-14 -14 17 118 104 -41 -19 -7
8 5 0 -99 -82 -55 1 11
2 4 9 21 36 18 7 0
-1 1 -9 -94 -70 4 2 -2
-11 -11 -12 52 -39 -40 -45 -20
4 6 10 4 -23 68 3 2
3 4 4 -2 -22 5 14 7
2 2 -7 -87 -37 23 3 2
-2 5 21 56 29 9 32 4
-4 -9 -16 6 10 -82 -40 -5
1 4 -3 -83 -123 -94 -27 -5
-19 -21 5 83 115 47 -17 -18
6 -1 -17 -102 -77 26 14 6
3 3 6 -70 -14 11 28 7
4 6 7 5 14 91 7 4
8 10 22 99 -12 -40 -5 5
4 1 -30 -107 -47 0 8 5
-14 -10 22 126 4 -15 -8 -14
8 5 -11 -128 -68 -37 9 5
-3 0 7 43 38 45 3 10
-4 -8 -13 -40 75 40 -1 -8
7 12 18 54 47 -45 11 9
-4 -6 -29 -30 9 -45 -4 -7
-8 -9 -8 61 -30 -12 -19 -10
0 -2 4 -11 -30 -15 14 1
11 10 -5 -117 -45 13 8 15
-12 -9 27 127 88 -63 -25 -13
-1 -9 -36 -128 26 66 8 -2
-2 0 -16 -39 -19 44 1 2
-2 -1 -6 -34 -3 92 11 -1
-2 -3 -5 26 7 -14 4 2
2 1 -4 -100 -1 -21 -4 -3
-3 -6 14 127 109 -5 -7 -5
0 -4 -13 -11 77 -47 -2 -3
5 5 9 -21 -72 16 7 3
7 8 7 -25 -9 30 16 15
-4 -8 -6 -27 63 43 -5 -6
-3 -3 -8 -18 -53 -25 -6 -3
1 0 -7 -72 24 68 8 -1
4 7 5 40 -60 -80 6 3
0 2 11 83 13 53 -4 -1
-5 -6 -10 -22 -29 0 -2 -9
4 4 21 88 76 64 8 3
-3 -3 -10 -21 -53 10 -3 -1
-3 -3 -6 -51 -51 -17 -6 -1
-4 -5 5 78 57 57 -4 -4
6 12 -2 -98 -88 -18 4 8
-9 -8 -2 26 -3 -26 -13 -10
1 -1 1 93 58 -25 -7 -3
3 6 11 0 -59 -29 -2 2
5 2 -23 -80 -3 -27 7 9
-10 -11 9 45 1 -5 -17 -13
8 8 -3 -93 -62 -11 11 9
-4 -5 -12 -24 -17 -45 -11 -6
-4 -4 2 40 11 22 -2 -12
1 0 -4 -16 -77 -51 -2 14
0 -6 -12 -54 10 62 14 0
-2 1 5 21 -55 -26 -9 -6
-1 -4 4 44 -53 8 -5 -6
-6 -3 -10 -56 68 25 -2 -9
8 12 14 -14 22 -32 5 8
-1 -1 -3 -1 -56 62 9 1
-21 -21 -1 77 56 -34 -31 -21
-5 -4 -6 72 -40 -50 -13 -8
4 4 3 34 -36 -15 -4 6
3 2 6 -40 57 89 22 6
2 5 -6 -54 -88 -59 -5 2
-3 -6 -1 -9 15 48 0 -4
-2 -2 2 -23 -16 -7 -5 -5
1 0 1 71 46 -14 -5 -9
-2 -4 -19 -55 15 29 15 19
2 4 6 47 51 -34 0 -2
4 5 -1 -25 -103 -75 -10 2
0 2 2 -13 -37 24 2 1
-5 -9 -13 20 86 18 -6 -6
-2 -7 -20 -91 -81 -95 -16 -4
-5 -2 -2 -4 69 -50 -16 -4
2 -1 0 77 -14 -15 -3 1
-5 -6 -2 42 25 20 -7 -6
3 2 -11 -95 -46 18 8 4
-8 -9 -9 17 -35 43 2 -7
0 -3 1 29 23 22 -7 2
7 9 25 117 -90 15 7 5
4 4 5 12 39 49 11 2
-2 0 7 17 -16 -77 -13 -4
2 2 -8 -68 56 30 14 5
-13 -18 -25 -54 -65 -10 -24 -13
9 10 19 35 48 -7 16 7
4 4 -7 -101 -41 12 8 6
-7 -5 9 51 17 -53 -17 -4
5 5 7 -8 6 -11 5 -4
-4 -4 16 116 73 50 9 9
3 6 -3 18 -34 44 9 2
-3 -7 -13 -30 4 -31 -3 -2
5 6 3 -54 12 16 14 8
-6 -3 -7 -68 6 -5 -18 -14
-10 -14 5 106 107 -47 -8 -9
-5 -8 -20 -122 -83 -29 -13 -10
-3 -5 -7 25 38 -36 -15 -2
9 11 6 -61 -82 36 15 12
3 4 18 5 1 40 5 3
-17 -22 -29 56 113 -19 -27 -21
4 7 10 -21 -25 87 29 6
-1 -5 -23 -72 -19 -8 -4 -3
-2 -2 8 99 27 68 4 -1
9 10 -18 -102 -85 49 26 10
-4 1 11 69 -21 -10 -10 -2
-1 -2 3 44 52 13 1 -3
-11 -14 -32 -105 1 -36 -11 -11
10 12 20 28 4 19 16 4
6 9 9 3 34 -20 2 18
-7 -11 -19 -79 33 7 -6 -8
-2 -1 0 -14 -63 -31 -11 -5
5 8 4 -57 -57 12 15 12
-6 -6 6 74 29 21 -5 -9
6 8 -7 -50 1 -11 10 6
-3 0 10 77 -58 19 -7 -3
2 2 6 -14 -32 -7 0 1
1 -2 -16 -34 33 88 10 1
0 2 9 62 -14 7 1 -1
-5 -4 2 35 92 58 0 -4
-3 4 17 101 80 19 -2 -1
-2 -1 -7 -38 8 -50 -3 -3
0 6 20 105 -49 -66 -11 -2
-8 -12 -23 -48 110 63 3 -4
2 0 8 -7 7 64 2 1
-1 -4 3 8 16 -16 -1 1
-4 -3 6 74 59 3 -3 -8
4 1 -5 52 75 -19 3 3
-8 -7 9 95 9 -24 -16 -11
-3 -7 -25 -128 -29 40 13 0
-3 -2 7 83 18 -52 -17 -4
3 4 13 52 -46 9 8 3
-4 -6 -12 -53 39 -19 -5 -2
2 3 10 94 7 -16 -3 -1
-5 -11 -20 -98 -25 98 0 -5
3 7 6 27 -41 -22 -6 1
2 0 1 -31 11 -11 -1 1
-2 -4 -3 21 -33 -5 -4 -3
1 -2 -10 -95 -29 48 15 2
-10 -10 -3 12 16 8 -9 -9
5 4 2 16 -31 3 3 6
3 3 -12 -112 -27 -39 -3 2
1 2 10 72 83 12 0 0
0 -2 -8 -56 -51 8 1 1
-2 -1 -8 -39 -28 -10 6 1
-10 -11 9 112 98 16 -19 -16
7 6 3 -41 -69 26 19 10
-1 -11 -15 -75 -29 1 -7 -2
0 15 1 6 -20 -40 -9 -3
5 1 10 32 -2 20 9 5
0 -4 -1 73 -5 4 3 3
0 2 4 17 62 41 14 -8
0 -5 1 -10 -68 -9 13 16
-5 0 8 78 48 -45 -17 -8
2 5 15 95 -75 -65 -9 -1
3 -5 -10 -64 8 7 -4 1
-2 7 -6 -46 67 23 -1 -5
3 -6 2 25 -92 -17 -1 2
5 5 2 -6 -25 -41 -2 4
-3 4 6 -46 29 -22 1 0
-2 -7 -3 69 -36 -8 0 -3
-4 2 -2 -72 22 60 5 -1
-5 -5 -2 64 -28 -1 -5 -5
3 -1 -8 -98 -20 11 2 4
-2 -2 4 30 23 -71 -16 -5
-1 0 -3 -5 -37 0 5 3
-1 2 7 -24 68 58 2 -2
-7 1 2 93 55 -36 -13 -6
-4 -8 -1 -22 -12 6 -8 -5
4 6 -1 -62 -37 -8 7 6
-4 -6 -2 -6 66 10 -1 -3
0 -2 -12 -54 -10 23 7 2
-4 -7 -9 -9 -2 -26 -6 -7
8 4 3 -6 -28 42 6 7
-5 -1 -5 -55 -64 -8 -11 -4
7 9 3 -55 -77 1 10 8
-6 -8 9 118 -81 -9 -11 -7
0 -1 -29 -128 -26 18 4 1
0 0 8 81 52 -37 2 6
4 4 1 -65 -99 -17 4 -1
-2 -3 2 11 54 21 -1 -1
-4 2 17 90 -8 -49 -8 -8
-1 -5 -27 -128 -1 5 3 -1
1 -1 -8 -49 -16 77 14 7
4 3 -6 -49 91 38 7 2
-11 -8 6 103 125 18 -15 -12
0 0 3 -4 23 37 -1 1
5 7 17 86 -19 7 4 7
-2 -3 -4 48 -16 -17 2 -1
3 1 -9 -101 3 23 10 2
-3 0 11 81 -30 -2 -5 -5
-6 -6 3 77 9 -67 -19 -10
-2 3 0 -5 -2 -69 -12 -2
-3 -7 -18 -83 -34 9 2 0
1 2 8 47 31 60 3 -2
-2 -1 -6 -41 54 35 -4 -1
-3 -8 -12 -73 49 20 -3 -5
1 4 9 50 -33 -18 3 1
-2 -1 -3 30 -10 14 -1 -3
0 -1 -7 -55 3 7 6 2
-3 -1 1 -2 -75 -12 -14 -6
-1 0 3 -16 -10 -14 -6 -3
6 5 -11 -79 -98 -29 0 7
-5 -4 5 95 49 -16 -7 -3
4 6 9 -29 -67 -12 11 8
1 7 26 102 -53 -24 0 0
-3 -8 -22 -15 -53 -16 -5 -2
2 5 9 66 -65 -46 -10 -1
-1 -5 -4 -29 23 29 3 -1
3 3 0 6 -4 -1 2 2
-6 -5 2 17 53 -45 -8 -5
2 4 18 102 65 3 9 4
0 -3 -17 -42 38 29 -2 0
2 2 -4 2 -44 5 -1 3
-5 -5 4 2 17 -13 -7 -12
7 5 -4 6 -3 38 15 8
1 0 7 10 15 -4 7 4
-2 1 -7 -32 -54 -15 -5 -4
-3 -4 -11 -83 -30 -49 -2 0
1 2 8 39 12 -10 0 0
1 1 -3 -5 -42 -6 3 2
-1 -4 -5 -13 42 63 10 2
3 4 14 39 52 4 3 1
1 4 -1 -40 -34 17 7 2
-4 -5 -6 -33 12 19 0 -4
3 3 7 26 73 -7 4 3
-7 -7 -15 -59 -61 -3 -8 -5
2 1 -5 -105 -68 -20 -1 -1
-6 -7 -11 38 58 52 0 -6
-6 -3 3 17 56 -21 -7 -4
3 5 10 43 -28 -17 3 1
-1 -1 -8 -77 -1 14 1 2
-3 -1 7 56 17 -22 -4 -3
-5 -8 -17 -44 -68 1 -4 -3
0 0 -12 -80 3 29 8 0
-5 -8 -11 -15 31 -9 -5 -5
2 2 5 -19 -94 -25 -4 1
-4 -5 -12 -26 52 31 3 -9
1 3 18 63 -3 22 3 15
3 4 -4 -59 -64 5 6 3
-2 -2 6 70 79 30 1 -2
-6 -4 -3 30 38 -77 -18 -7
-5 -11 -9 53 -47 10 -10 -12
1 3 12 48 0 -10 -1 -2
5 2 0 -49 -1 -8 5 6
0 4 10 73 -71 -23 -7 -3
-3 -7 0 48 110 20 -2 -2
-4 -5 -1 48 -21 -22 -9 -3
5 5 -2 -90 37 24 8 2
4 -1 -14 -108 -70 -46 1 5
1 2 2 -3 93 5 0 -1
-5 -6 -1 58 44 -18 -8 -6
4 7 8 -26 -83 7 6 3
0 -6 -12 -45 7 76 12 3
2 4 11 -8 100 49 7 0
-4 -8 -20 -64 -93 -42 -7 -3
3 4 9 35 28 20 3 1
-5 -8 -14 -30 -28 -27 -9 -4
1 1 9 57 -5 -35 0 0
-2 -2 -2 -7 53 17 -1 -3
-2 -5 -12 -21 -40 -10 -6 -1
1 5 16 66 -18 37 4 2
-4 0 -4 -5 -24 -8 -3 -2
1 3 9 20 -26 -36 -3 -1
4 3 10 126 84 25 12 5
-2 -7 -16 -75 33 36 -4 -3
4 4 6 63 21 11 5 3
-9 -11 -25 -88 -4 -35 -13 -9
-5 -1 -1 16 -38 12 0 -3
-3 1 21 119 71 -17 1 -2
-1 1 -10 -75 -36 17 1 0
-4 -6 3 112 90 55 -5 -5
3 4 6 4 -70 -26 1 4
-9 -16 -24 -77 -27 -15 -12 -8
3 -1 0 -33 25 6 2 0
2 3 6 7 -10 -65 -7 -1
0 0 -1 50 -18 -10 -5 -2
-8 -6 -3 13 120 3 -10 -8
-1 -4 -9 -65 -84 -38 -2 -1
2 3 15 86 0 -29 -2 4
-7 -8 -13 -31 -36 -51 -13 -7
8 11 16 33 -2 -4 11 8
-2 -2 -19 -92 58 -31 -5 -6
-2 -2 10 73 32 36 4 0
-4 -3 0 -21 91 19 -5 -5
-4 -3 -8 -20 -51 -71 -14 -2
7 10 15 30 -36 11 6 7
-6 -8 -13 -6 56 68 2 -7
-4 -10 -28 -90 -43 -48 -7 -2
6 8 12 53 -37 46 23 9
-6 -5 5 127 22 19 -14 -8
2 3 -1 -42 -14 19 3 1
-2 -2 5 54 20 15 -3 -4
-2 -3 -7 -47 55 16 3 -1
1 6 17 50 -107 38 7 -7
-6 -11 -23 -38 35 13 -6 5
-1 0 6 58 -39 -53 -2 -3
4 3 -5 -45 -58 -4 -4 4
0 2 18 95 76 18 2 0
5 3 -20 -106 -60 1 4 0
-8 -6 3 127 32 31 -11 -10
-1 -3 -4 -56 -25 2 -1 1
-2 0 3 41 13 -36 -3 -1
4 2 -3 -62 -1 38 8 1
6 6 6 -76 -40 24 4 6
4 3 1 38 11 25 13 4
-12 -11 -2 52 108 -17 -14 -9
-6 -4 -17 -89 -128 -42 -8 -3
0 3 14 56 103 -15 0 -2
-3 -8 -14 -70 11 6 -4 -6
3 2 -9 -56 -72 -8 7 6
-7 -4 24 127 127 2 -7 -8
2 1 -8 -79 9 -34 -3 2
-2 3 11 99 8 27 2 -2
-3 -8 -17 -52 -45 -43 -3 -1
4 1 -3 -15 14 10 3 -7
-3 -4 1 -19 84 52 5 14
-2 0 11 75 -12 -68 -17 -6
5 3 -12 -84 7 74 14 7
0 6 24 80 -15 14 -8 -4
-4 -7 -22 20 77 51 2 -7
0 -1 -15 -63 34 -10 1 2
-2 -6 -12 -70 -65 21 0 2
1 4 13 22 -71 -38 -3 0
2 -1 -7 -79 -71 19 1 -2
2 2 7 9 36 71 10 4
-10 -10 -5 114 46 -56 -21 -16
0 0 -7 -90 -26 27 10 5
0 3 8 17 -44 4 3 1
-2 1 8 60 -76 -86 -14 -3
-2 -5 -22 -116 38 0 -1 0
0 -2 0 62 43 -6 0 3
-1 -1 -5 -32 -57 -26 -4 -12
-1 -1 0 -23 44 4 6 16
2 2 3 -9 -61 -22 1 3
-1 0 -2 -9 -2 4 -1 1
-4 -4 -2 -93 12 1 -6 -7
-2 0 2 30 76 -11 -6 -9
-2 2 18 36 -59 0 -2 -1
0 -5 -9 19 62 26 5 2
-5 -1 4 49 -54 -29 -6 -2
1 0 -7 -71 -16 6 1 -1
7 8 -5 -93 -42 -1 5 7
-6 -5 12 41 41 -45 -13 -11
2 -1 -18 -89 5 -13 6 5
0 1 14 119 18 32 6 -1
-3 -3 -7 -9 68 19 -2 -3
9 6 7 -25 17 62 16 9
4 0 1 55 11 19 4 4
2 3 0 0 -29 29 9 2
-3 -1 13 91 25 13 -3 -3
0 3 1 -13 -79 -55 -5 -1
-3 -1 8 67 98 0 1 -2
-1 -3 -3 -24 -86 -8 -8 -7
7 5 1 3 -42 -17 11 7
6 10 15 59 -47 -22 1 6
-6 -15 -23 -47 -37 -24 -1 -5
-3 0 -2 -67 46 6 0 1
2 2 5 -5 -41 -30 0 1
-9 -12 -8 35 8 9 -12 -14
0 3 -2 -45 -44 0 0 9
2 1 1 35 -6 -14 1 -3
1 2 4 18 41 3 -1 0
-5 -11 -36 -128 19 -7 -3 -7
-1 1 11 62 -46 11 -4 -4
-3 -4 -6 2 -11 -30 -4 -2
-1 -1 0 16 1 29 -3 -3
3 3 0 -26 -47 2 5 3
1 6 41 116 91 -49 -9 -4
0 -8 -38 -94 1 25 8 5
0 -1 8 92 24 -4 -2 -1
-2 -4 -5 43 56 43 1 1
-3 -5 -2 -16 -48 -4 -5 -4
3 6 21 16 30 31 8 -1
-9 -10 -12 -9 19 30 -14 -11
1 0 -3 -24 35 0 3 2
3 0 -23 -128 -3 96 15 4
-2 2 31 116 54 -10 -5 -2
14 -12 -7 -7 4 -57 31 66
-8 15 1 -1 -27 -10 0 61
-8 -13 -7 -1 -14 20 -4 109
0 -3 -1 0 3 -6 -13 -24
-27 -11 -2 -6 -12 66 24 -52
16 -5 -3 -3 6 7 -3 -17
0 6 1 -5 -28 -48 7 -74
9 11 5 8 38 9 12 -5
13 10 0 3 -11 -16 -34 21
-28 -11 -4 -16 -73 -31 8 -31
-7 -12 1 3 -16 32 1 -11
-14 -7 1 10 30 70 -1 -91
11 12 3 -2 -10 -78 -5 60
-5 -9 0 7 24 2 5 -14
21 9 3 1 36 -74 -30 -15
-2 -1 0 -1 -46 -4 12 5
-21 -13 -7 -9 -18 48 0 -10
-5 -10 -1 4 44 47 -21 -38
26 23 -4 -10 -39 -42 -33 -39
2 0 -1 5 14 -27 5 32
-8 0 3 4 10 37 -17 -23
-4 -4 0 -4 -8 -13 27 1
-7 -4 -1 4 36 68 0 -14
-4 -11 -10 -11 -11 -15 -14 49
-15 -10 0 -2 -6 -4 1 -99
-40 -12 -6 -8 -25 -40 -36 -19
-1 40 8 9 -3 -1 48 13
-10 -7 -4 -6 16 -81 -14 -4
2 13 2 3 -13 11 -9 -25
6 -24 -2 6 11 27 -20 86
-8 -18 -3 1 -13 26 2 -2
-2 6 -2 -7 -17 -24 0 -11
-2 -5 4 3 12 -72 3 29
2 10 4 1 6 12 3 -87
6 -2 -1 -1 6 24 -9 18
-21 -1 -5 -8 -2 47 -15 -49
-7 -3 -8 -8 -6 49 30 16
20 6 2 -1 2 13 9 -1
5 -5 -6 -1 14 -17 -18 25
-6 -15 -3 5 1 -11 27 -60
3 0 -2 -5 -13 -45 -16 105
3 12 3 5 13 30 26 -9
-6 -7 -3 -8 -21 -28 -20 -42
8 -6 2 3 -9 16 25 19
24 19 0 -1 13 20 11 84
30 -3 -2 -2 -3 13 25 83
0 -3 0 2 9 2 -4 -17
-1 1 -4 -6 9 0 -33 -28
-25 -7 -4 1 18 34 1 73
8 12 3 1 4 21 -6 -9
-5 -6 -7 -12 -20 -34 2 -34
1 2 0 6 13 -9 -14 9
5 -6 3 5 1 21 -2 13
-4 -4 -4 1 4 -10 3 -21
-12 -8 -1 2 14 6 3 -2
6 3 2 -4 -22 29 5 43
16 -4 -2 -7 -15 -98 12 24
-11 -6 0 2 9 -22 -14 -63
0 9 2 -1 -18 6 14 -50
3 -2 -2 2 23 16 -5 7
-9 0 1 7 22 93 17 -33
-17 2 -3 -7 -21 20 -3 -30
11 -2 1 4 20 44 -16 111
9 8 -2 -2 4 10 23 5
-9 -4 -1 0 -20 -3 -9 -71
12 5 -4 -6 -15 -67 14 98
-10 -6 0 -2 -7 12 -5 -66
-24 1 3 5 -4 -28 26 -32
6 -9 -2 2 -2 -6 -27 -21
-8 8 4 5 48 16 34 9
2 -10 0 -1 -38 67 10 15
-3 8 -3 -4 -12 -43 -34 -70
23 4 -3 -8 -26 16 -21 47
-3 -8 -5 -8 -14 -22 -24 -38
-12 -3 0 -8 2 -62 16 1
7 -3 -4 6 11 50 -17 -21
-5 -2 -1 -1 8 17 -5 -39
-14 -4 0 4 16 3 -20 -48
9 11 3 1 1 -60 3 31
6 -10 -3 -10 -29 18 7 57
-23 2 1 6 62 70 27 -84
0 4 -1 1 -28 62 5 47
-4 -6 -5 2 11 24 -32 -28
16 2 4 2 3 5 11 38
11 17 4 -1 -2 26 9 -28
-4 -8 0 1 5 -21 -31 -42
-4 -8 -6 2 28 -17 6 10
-15 -9 -2 -6 -22 5 -6 8
13 -2 1 0 -9 -29 -38 22
-15 -15 -4 -10 -3 -71 10 -30
-17 11 0 -2 2 2 -35 -8
33 23 7 6 21 58 10 21
0 -18 -3 -1 13 -29 5 42
-27 -3 -2 -2 -74 -49 19 43
28 5 5 -2 10 15 -11 -28
4 -17 0 6 18 12 2 49
9 42 1 1 -28 -17 -4 -57
40 29 5 3 31 45 -29 57
-28 -17 -7 -3 -19 -35 32 -58
-11 8 5 3 -21 -5 -4 20
-2 -15 0 0 13 -12 2 -24
-9 -15 -2 -1 -2 -10 1 -2
17 17 0 2 13 36 -9 37
-2 -2 -1 -2 13 -49 21 -3
-25 -21 -4 -4 -22 -7 12 -12
6 7 0 -6 -6 15 -12 34
4 -10 -2 1 10 -48 -15 -38
4 4 0 0 4 -14 -9 -1
-12 -13 -8 -13 -34 12 7 59
9 4 0 -2 -11 -16 10 -32
15 4 0 3 16 69 27 19
11 9 2 -4 -6 -27 -20 36
-16 -35 -5 -4 -16 -72 25 -93
35 40 3 1 11 12 -11 -27
6 11 1 -4 -6 6 6 -34
7 -11 -3 2 -12 -28 -6 67
-6 -2 1 4 6 43 -36 4
-18 -19 1 6 35 19 5 -1
-13 -3 -8 -11 -55 -75 -17 8
2 -3 4 3 7 28 8 -5
12 4 1 2 16 78 21 72
-2 9 -3 -1 -4 -6 -12 73
8 6 2 3 10 11 -4 6
-19 -16 -6 -5 -9 18 -5 -29
2 5 0 -1 -9 -6 6 13
-19 -16 -1 -3 13 30 -9 -85
-2 -3 7 8 41 60 40 14
-16 10 -7 -11 -64 -1 6 -31
-15 -29 -3 3 44 -24 -63 -47
13 35 0 -8 -33 -39 26 -7
-20 -23 -13 -15 -37 -59 -45 -31
-6 3 4 9 51 1 -3 -13
-1 -2 -1 -5 -27 -45 -10 -59
18 2 4 8 20 16 26 -1
-1 5 3 5 8 37 37 27
3 -4 -3 -3 -9 -36 5 -23
3 9 -3 -3 23 -7 -18 23
-10 -21 -4 -2 -19 -9 2 -3
14 9 0 -3 -7 -9 -13 40
-17 -12 -5 -3 15 13 4 -51
17 17 7 1 -7 91 64 44
-5 -2 -2 -1 7 -37 -17 -64
-1 -5 3 5 12 6 9 67
0 -2 -2 0 6 -55 -29 -21
-4 -1 -3 1 -3 24 2 15
-4 -10 -3 -4 0 -8 11 41
1 1 1 5 7 0 1 -94
0 -12 -2 -2 -12 6 -17 24
7 26 2 -2 12 14 -3 -34
-8 -19 -4 -5 -31 -9 0 -4
-23 5 -2 -4 -1 -27 -8 -96
10 -2 1 1 15 47 11 64
-11 6 1 1 -8 -35 -10 -2
-3 -11 -4 -3 9 29 -22 -17
-1 -10 -1 0 10 7 24 58
-1 13 -3 -5 -19 -26 -19 -1
-6 -2 -1 -2 -9 -68 50 8
6 2 -3 0 -13 8 3 -55
6 -8 -2 -2 -23 4 3 62
15 -1 2 4 26 58 4 54
-10 -2 3 1 -6 -35 -54 -44
6 6 -1 2 5 1 7 1
-13 -5 0 1 11 44 20 29
11 16 -1 1 2 -26 1 9
1 -5 -3 -3 12 9 4 13
-12 -13 2 1 1 19 8 31
20 4 -4 -6 17 -42 -14 23
-12 -3 -4 -13 -59 12 12 -27
10 0 -2 0 4 -11 -37 31
-28 -9 -3 -3 8 -53 1 -16
3 -7 -2 2 7 -1 -19 5
-13 0 2 4 17 2 12 -26
14 -2 -4 -7 -34 -34 -20 -7
40 3 3 5 11 52 -15 38
-17 -15 -9 -10 -9 -52 -11 -17
18 3 0 2 9 -23 9 -9
9 12 3 3 -7 -30 6 0
1 -3 -5 -4 -1 30 -11 60
-6 -3 -2 -2 -5 20 6 -17
-4 -4 2 4 5 31 -4 40
-4 -3 -2 5 23 28 -3 -17
-3 4 2 1 4 -25 5 -2
8 7 0 -3 -43 -37 6 63
-12 -10 -6 -6 -7 48 27 26
28 -5 -3 -3 -3 -8 6 5
-36 -12 -3 -6 -8 -41 -39 65
4 12 8 12 21 16 -5 -14
-24 -10 -5 -4 18 -22 25 -29
10 5 1 1 -29 -17 -10 -20
22 4 0 2 21 36 17 36
9 -8 -4 -3 6 -39 -14 31
-6 10 3 -4 8 -5 1 11
-5 -4 -1 3 2 59 2 -67
-14 -7 -1 -2 -13 25 10 -104
-18 -12 -1 7 42 39 28 28
-4 16 6 0 -34 -27 20 26
-2 8 2 -4 -15 -34 -3 -18
7 -1 -3 -1 -4 -3 -14 8
-7 0 -3 -5 -31 -40 12 5
4 -10 -2 6 29 13 -16 -57
-15 -21 -5 -4 27 88 27 67
3 35 3 2 -4 18 0 -65
-9 -5 -4 -4 -9 30 11 -35
22 0 -1 -2 -4 -8 -20 -15
-36 -12 -3 -5 -16 -31 -15 -18
10 -6 -1 1 7 -16 16 -8
10 6 0 -4 -1 -13 -28 -13
-7 5 1 4 -1 8 -1 -37
7 -8 -4 -5 -8 -52 20 18
-13 -12 -4 -2 9 -13 8 -19
9 11 4 2 -20 10 -23 -10
-5 -27 -7 -5 3 -63 -53 46
-9 -9 -3 1 15 34 3 -84
11 17 3 7 25 10 4 54
5 -15 -1 -3 -18 3 1 -12
-7 -4 -1 -6 -34 -12 -7 -76
-12 3 1 0 -16 39 -1 29
6 -10 -3 -2 0 -39 2 -9
13 13 0 7 37 35 -7 -64
3 0 2 3 11 48 12 33
7 22 0 -1 3 20 10 33
1 -6 -2 -1 -14 11 -20 -29
0 5 4 2 -1 0 -3 22
3 8 1 -3 -17 -36 -6 -40
0 -14 -10 -7 1 -29 -6 127
-47 -36 -11 -12 -23 -26 29 -18
5 63 8 3 1 -5 -17 -59
-10 -2 -2 -1 12 -2 -9 0
8 5 2 0 -16 -15 2 11
4 -9 -6 -6 -12 -26 15 -3
-40 -33 -10 -7 -15 5 -18 10
20 18 -1 -1 15 35 43 -78
12 9 0 1 7 8 -17 13
-18 3 0 1 -1 19 -10 -40
3 -5 3 0 -14 -1 5 -6
3 -11 -7 1 4 2 -18 -12
-12 -8 -1 0 12 -87 28 -97
3 7 2 -3 1 13 -10 12
6 -9 -2 1 8 32 -2 36
-6 1 0 -4 6 -31 -24 -53
-2 2 0 -2 -23 25 1 -25
14 -3 1 2 1 13 13 30
-17 -4 -6 1 2 -8 -1 -71
1 -3 2 -9 -4 29 7 67
-2 3 14 20 24 32 -20 -63
-22 -5 -9 -11 -18 -23 24 2
5 -8 -4 8 -6 2 -11 32
-5 -7 -6 -11 13 7 -11 -54
-7 4 2 1 8 -10 0 -6
8 3 2 1 -17 -48 -27 0
17 -6 -2 -7 -8 -17 16 3
-21 -6 -1 6 -18 -44 5 16
15 7 -3 -9 3 27 8 -38
9 7 0 -1 5 -31 -20 19
8 -2 -3 -1 11 16 -23 -56
-2 -5 2 6 12 16 57 41
0 -5 -4 -11 -54 -65 -18 67
0 3 2 4 13 36 -1 -27
-3 -1 2 -6 -21 -18 4 -16
13 10 6 10 22 48 -7 91
-4 -5 -5 -4 3 -15 18 -6
6 1 -1 -2 -15 3 -11 -8
15 0 3 1 23 30 -7 50
-21 4 -5 -4 -33 -17 1 7
-9 -6 -3 0 7 -43 -27 -14
4 -9 2 -2 31 101 12 76
-15 -5 -5 -2 7 1 11 -47
6 3 -1 -1 -4 -22 -16 -35
13 4 1 4 22 7 -2 22
0 -3 1 -2 -25 22 8 -17
-3 -5 1 4 12 13 7 19
6 -6 2 2 9 20 -7 0
-7 5 1 2 -18 -3 -4 -53
0 -7 -2 0 11 -14 -11 37
-5 -1 -3 -5 4 -26 13 -61
5 10 5 5 -13 -47 5 -26
-15 -25 -6 1 38 -3 12 13
6 39 5 4 -9 -23 19 15
7 -5 -1 -4 -15 -30 -6 1
-14 0 -1 1 11 0 -13 3
-1 -1 1 -3 -11 -13 -2 26
1 -6 0 4 11 -2 -3 -40
5 4 0 -5 -14 -23 -7 33
4 -5 -5 -3 -16 -4 -9 -11
-11 -2 0 0 9 69 -28 5
-13 -14 -7 -5 -13 -72 -21 -79
-5 2 0 -1 13 14 10 78
9 0 -2 -3 -3 8 0 30
-23 -4 -3 -5 22 20 5 -64
9 -5 -2 -6 -52 47 9 -50
0 2 -3 -3 -10 -8 -19 -30
-6 -4 -2 -2 11 -32 17 6
-1 2 -1 1 -2 -2 -14 0
9 1 0 -3 2 -64 3 30
-33 -12 -6 -5 -31 -28 6 43
10 0 1 1 9 37 -32 11
30 18 5 5 0 -35 27 52
-3 -2 -1 4 28 31 -18 11
7 1 -1 4 0 19 8 1
3 -7 -2 -1 -5 7 -8 111
0 -6 -1 -1 -1 0 6 28
-5 -3 -2 0 -5 -8 -7 -7
7 8 3 3 14 17 31 -43
-9 -3 -8 -11 -16 -11 -40 -43
-9 -1 -3 0 -9 18 41 -22
-24 -7 -7 -10 -13 28 -45 -34
-17 -4 -2 2 17 -9 1 -48
3 -2 0 -5 -11 -17 7 -34
-6 -4 -12 3 21 7 6 94
22 0 -1 -18 -25 7 -36 16
9 5 13 21 2 23 12 -9
9 -5 -3 5 31 23 -12 36
-6 1 -2 -9 -63 8 17 -15
-4 -6 -8 -2 -23 6 48 9
12 -2 -2 -7 10 -2 -18 58
-2 4 3 4 15 10 13 -9
38 10 8 5 12 -5 -10 59
-21 -6 6 12 17 -39 44 73
-2 1 0 -4 -10 39 -20 99
11 2 1 5 -8 -7 37 -18
-36 -7 -4 1 41 -4 -64 -49
17 12 6 1 6 -8 9 -3
-4 -8 -7 -6 -14 35 -62 -93
-1 -7 -3 -1 15 20 9 32
19 10 0 -5 -13 -34 -20 -10
1 -2 0 6 36 33 13 -3
-18 -6 -4 -4 0 -13 5 -32
13 -5 -6 -8 -26 -31 -23 -12
-1 -2 0 -4 -14 -2 -9 -29
-2 2 -2 3 10 23 17 37
-32 -6 -8 -10 -9 -24 29 -73
-6 -4 1 -3 -15 18 -7 -19
-5 -3 1 0 3 -8 22 34
-2 3 0 3 12 27 -19 93
27 7 0 -1 -10 -51 -27 -4
-6 -1 3 5 19 14 21 41
-4 -5 -2 0 -8 -2 33 -63
0 4 1 5 14 47 19 37
9 2 0 4 22 -31 -4 5
-4 0 -3 -10 -48 -20 -27 89
6 0 1 1 10 24 -4 20
3 -10 -4 0 -1 -28 32 -74
-21 -7 -2 1 4 13 -19 21
-11 1 -5 0 26 -22 -2 -62
-2 -7 -1 -6 -53 29 12 3
-16 -12 -5 -6 -20 -36 -22 -73
7 11 4 7 15 17 13 6
4 -1 -2 -4 -27 -50 -20 -18
-16 0 2 0 14 29 -24 -58
-3 -7 -2 -1 1 6 -39 -1
3 -1 -2 -3 -3 9 12 42
-9 1 -1 5 8 35 -2 -102
9 5 4 2 2 -19 40 54
3 2 0 -1 2 -45 -10 20
-4 -9 -4 -5 -10 -1 -3 31
-5 -1 1 6 15 86 -19 -3
-15 1 -4 -5 -12 -7 41 -44
12 2 2 1 19 48 2 -37
-4 -7 -2 -2 0 -22 4 19
-4 -2 1 2 5 10 28 -1
12 -4 -3 -2 -9 -21 -31 12
10 9 5 2 11 -6 -27 12
-3 4 2 -1 19 30 21 -83
4 -16 -11 -23 -98 -53 -3 25
-3 -1 -1 1 13 -35 -27 -44
-8 2 -2 0 6 37 -2 -24
28 -1 2 3 7 -43 -22 42
-41 -16 -7 -5 -1 -28 -40 23
-4 6 -3 0 13 33 4 -25
4 3 -1 -2 -36 -26 -3 -21
-3 -4 -2 -1 -9 -12 -2 -11
16 5 5 3 14 -4 -13 -10
8 4 -2 -1 -3 12 8 -5
-9 -5 2 4 18 3 9 30
15 12 2 -1 -18 -13 -4 41
10 2 1 1 8 4 22 -63
-10 -11 -6 -5 2 -27 28 112
-5 -6 -2 -4 -20 -1 24 -11
12 2 0 -5 -10 29 2 57
-4 9 3 4 18 28 24 36
4 -3 1 0 5 -57 -24 -24
11 0 -1 3 -6 4 25 10
1 -2 -2 0 4 17 12 28
-7 2 2 3 15 -45 18 -66
10 1 1 -2 -11 -1 -3 -14
-9 -7 -4 -5 1 9 -11 2
-4 -1 1 2 19 6 6 -23
6 3 -1 -4 -12 39 -27 -5
-4 -14 -4 0 8 -1 -48 45
-1 2 2 0 -6 -25 -16 -45
-5 5 -4 -5 -5 2 10 6
9 2 1 3 12 14 -21 7
-2 -3 -2 -2 3 9 -2 68
-3 3 1 0 -10 0 8 4
-4 -1 1 2 2 -5 -2 -18
0 -1 0 1 -2 -16 9 -60
8 0 1 1 2 25 -39 -30
-2 -3 1 1 9 17 4 75
-7 -7 -2 -1 -13 -35 29 -85
3 6 2 0 0 -21 -16 16
-11 0 0 3 7 32 25 -35
-3 -1 -4 -5 -4 -28 -20 -15
2 -1 0 -6 -30 -35 -11 0
-15 -10 -4 0 9 8 15 9
-1 14 -2 -4 -3 -34 -2 -51
1 -3 -4 -3 -24 -23 -9 19
-9 -11 -3 -1 -5 30 7 23
-1 4 0 3 9 11 18 -42
-9 -8 -4 -2 9 3 7 -30
-2 7 4 3 13 -33 -20 -45
-9 -3 -4 -6 -27 72 -9 11
4 -6 -3 -3 -1 -39 10 71
5 -1 1 0 -8 21 5 2
-7 -1 -4 1 10 13 2 26
2 -2 -3 -3 2 -34 0 -8
-4 0 2 3 3 1 17 79
23 6 0 -1 -7 0 -51 43
-9 5 -1 1 13 18 32 -24
14 1 0 0 3 -27 -5 8
8 0 3 3 1 17 3 43
-2 4 1 1 -3 -49 16 19
-5 -5 -3 2 23 49 -1 -33
0 -5 -2 -1 2 -6 -7 -3
15 10 3 1 -3 -5 -27 -9
-13 -17 -5 -7 4 28 -6 8
9 13 2 0 -2 -20 10 -8
-11 -2 -2 3 5 -38 -12 -9
-5 -1 -4 -8 -7 2 3 -26
-6 -10 -2 0 -9 -3 14 -6
-3 0 -2 1 -3 9 -8 -24
15 1 1 -4 -2 -38 -32 74
-4 -3 -1 4 5 -1 23 -8
3 2 -1 0 1 -5 14 22
-6 0 -3 -2 2 -9 -23 -34
3 -5 0 3 5 7 -11 -12
-4 3 -3 -4 -13 -8 -15 -13
10 2 -1 -2 -2 5 -9 -6
11 -9 1 2 -1 -21 16 87
-3 15 0 5 22 33 -10 -78
-12 -8 -4 -6 -17 -28 -17 31
0 7 2 -1 -32 -19 -15 -14
-17 -11 -3 -2 -3 -3 19 -54
3 -1 -3 -1 1 34 9 1
5 -1 0 -1 8 0 10 -8
3 5 2 0 3 13 -4 -59
10 -1 1 2 -1 -6 -15 39
-15 -12 -3 -2 0 -7 12 24
-7 1 -3 -2 -4 -6 -10 -36
15 -7 1 0 15 -7 -8 25
-3 1 -2 -3 -7 -21 0 -60
1 2 1 2 15 29 10 44
1 -2 1 -4 -10 -23 -24 -20
-7 -4 -7 -6 -13 -41 13 12
31 6 0 -1 2 11 -2 28
-11 -4 1 3 22 22 29 9
1 7 0 -1 -10 -3 2 2
-4 7 1 2 2 7 19 7
3 1 -1 -3 -5 -22 -16 13
9 -9 -2 -2 -8 6 -3 -33
4 -4 -1 -2 4 19 25 17
-11 -1 1 0 4 10 1 -14
5 -1 0 2 6 10 5 41
-19 -1 -1 -1 17 -4 6 -50
-13 -11 -8 -7 -34 -17 4 -35
6 -2 -5 -7 -35 5 4 -37
-2 3 1 -3 4 -20 9 40
-3 2 1 4 -2 -2 -8 -51
5 1 -1 5 31 10 -12 -14
-9 -6 -1 3 5 16 3 -3
-4 -7 -5 -4 -10 29 2 -20
15 7 0 -3 -1 16 8 100
-1 0 1 3 12 24 10 -37
-9 -7 -1 3 9 45 30 47
-7 2 -3 -4 -7 -29 -34 -80
9 3 1 -6 -26 -29 -4 58
-9 -10 -2 -3 0 4 -12 -21
-1 1 0 1 9 -1 17 -37
-9 1 2 2 5 -41 15 -51
-1 -3 -3 -5 -14 10 -4 3
-1 4 0 2 -1 -5 -18 10
-5 -2 -3 2 5 -28 -23 18
-2 -9 -5 -5 -15 -21 -6 -14
-2 6 -2 -3 -5 2 -22 -41
-3 -5 -5 -2 10 27 29 5
18 4 1 5 2 -10 -12 91
-22 -2 -1 -2 6 26 16 13
3 -4 0 2 3 1 -5 -15
1 9 1 -3 -4 -46 9 34
-9 -4 0 -4 -6 -76 -17 -5
14 -7 -3 2 0 35 20 34
-5 3 -1 -1 -4 -16 -11 -22
-4 0 -1 1 7 12 4 31
9 7 0 0 5 12 4 14
15 3 3 4 6 -16 1 -2
-40 -10 -3 -5 -4 0 30 -43
-4 -10 -4 -2 -29 4 -25 -68
-16 -6 -2 -4 -9 -1 6 33
18 4 -2 1 1 4 -28 32
3 2 -1 -1 3 -36 7 -19
-2 2 3 0 -5 -23 -1 -6
-1 0 2 -1 -1 3 0 0
-1 0 1 -1 -1 4 -2 -2
-2 0 -2 -3 1 -4 -2 -3
-2 -2 -3 -1 -2 -4 -2 0
-1 -1 -1 -1 0 3 1 -3
0 -1 -1 0 -1 1 0 -1
-1 -1 0 -1 0 -3 0 3
1 -1 -1 0 -2 -3 0 -2
-1 -1 1 0 -1 0 0 -2
-1 1 0 -2 1 1 -2 -1
-2 0 -1 0 -3 -2 -4 -3
-3 -1 -4 -2 0 -2 -3 -2
-2 -1 0 -1 -1 -1 -2 -1
-1 -3 -1 -2 0 -1 1 0
-1 0 -2 -1 -1 0 -1 -1
-1 -1 -1 0 0 -2 -2 -1
1 1 -2 -1 -3 -1 0 0
-1 -2 0 1 -2 -2 -2 0
-1 -2 -2 0 -1 -2 0 0
-1 -2 -1 -1 1 -2 -1 -3
-1 -2 -1 0 1 -1 -2 -1
-2 -1 0 -1 -2 -2 -1 -2
-1 -2 -1 0 -1 -1 -1 -1
1 0 -2 2 0 -2 -1 -1
-1 0 0 -1 1 5 0 0
-1 0 0 -2 -2 2 -1 -1
-1 0 -1 -3 -1 -3 0 0
-1 -2 -2 -1 1 -5 0 -1
0 0 0 0 0 0 0 -1
-1 -2 -2 0 -1 1 0 -1
-1 -3 -1 -1 -1 -2 -2 -2
-1 0 -1 -1 -2 -2 -1 -1
0 -2 0 -1 -3 1 1 0
-1 0 -1 -2 -1 0 -1 -1
-1 -2 -2 -1 0 -3 -1 0
0 -1 -2 -1 0 -2 -2 1
0 0 0 -1 -2 -1 -1 -1
-2 0 0 0 -1 1 0 -1
0 -1 -1 -2 0 -2 -1 0
0 1 -3 0 -1 -2 -2 0
-1 -1 0 -4 -1 2 -1 -1
0 0 0 1 -2 -1 -1 0
0 -1 -2 -1 1 -2 -1 -1
-2 -1 -1 0 0 1 -1 -1
-1 -1 1 -1 -1 0 -1 -1
-3 1 0 -2 0 -2 -1 -1
-1 0 -1 0 -1 -2 -2 -1
-1 0 0 -1 -1 -3 -1 -1
-3 -2 -2 0 -1 0 -1 0
-1 -2 -1 -3 -3 -1 0 0
0 0 -1 0 -2 -2 -2 -1
0 0 -2 -2 0 2 -1 -2
-1 -1 -2 -1 2 -1 -1 0
0 0 -1 -1 0 -1 0 -2
-2 0 1 -2 -2 -1 -1 -1
-1 -1 -4 -1 -1 -1 1 0
1 -1 0 -3 -1 1 0 -1
1 -2 -1 -1 0 0 0 -1
-1 -1 -2 0 -1 -1 0 -1
-2 -1 0 -1 -2 -2 -2 -2
-1 -1 -2 0 -3 -1 0 -2
0 -1 -1 0 1 -1 -1 -1
1 1 0 0 -1 -1 -2 -1
-1 -1 -1 -3 0 0 0 0
0 -1 -1 1 -1 0 -3 1
0 -1 -2 0 -3 -2 -2 -1
-4 -2 -1 0 -2 -3 -1 -1
0 -2 0 -1 -1 -1 0 -1
1 1 0 -1 -1 -2 -1 -3
-1 -2 1 -2 0 -1 -2 -1
-1 -1 -2 -1 0 -2 -2 -1
-2 -2 -1 -2 -1 -2 1 -2
-1 -1 -2 -2 -2 -2 0 1
-1 -2 -2 -1 -2 -2 -1 0
-1 -2 -2 0 -1 1 -1 -1
-2 -2 1 2 0 0 0 1
-1 1 -1 -1 1 0 -2 1
-1 1 -3 -2 -1 0 -1 -1
-1 0 -1 0 -1 0 0 -1
-2 1 -1 -3 -1 0 -1 0
-2 -2 0 1 0 -2 0 -1
-1 0 0 1 1 -4 -1 0
-1 -1 0 -4 -1 -2 0 -1
1 -1 0 1 -2 -2 -2 -1
-1 0 1 -1 0 -1 0 -1
-1 -1 -1 0 0 -1 0 -2
-1 -3 -3 -2 -1 0 1 -1
-1 -1 -3 1 -1 -2 -3 0
0 -1 0 0 -2 -1 -2 -1
-2 -1 -1 -1 -1 0 -1 -1
-1 2 -1 0 1 -1 0 -1
1 1 0 0 -2 -1 -1 -3
-1 -2 -3 -1 1 -2 -2 -1
-1 -1 0 -1 -2 -2 -1 -1
-2 0 0 1 -1 -1 -2 0
-1 -2 0 0 -1 1 0 -1
0 -1 0 -1 -1 -3 -1 -2
0 -2 -1 0 0 0 0 0
1 -1 -3 -3 -1 -2 -1 0
-1 -2 -1 0 2 -1 -1 -2
0 -1 0 -2 -1 0 0 -1
0 -1 -1 0 -1 0 -2 0
0 -1 0 1 0 -1 -1 1
0 -2 0 -3 -2 -1 -1 -1
-1 0 -1 -2 -1 -1 -1 -1
-1 0 -2 0 -2 -1 -2 0
-1 -1 0 0 -1 -2 -1 -1
0 -2 0 -1 0 -1 0 -1
-1 -1 -2 -2 -2 -3 -1 -1
0 -1 -1 -1 -1 -1 0 -1
-2 1 -1 -1 -2 -1 -1 -1
-3 1 -2 -3 -2 -1 -1 0
-2 0 -2 1 -1 -2 -1 -1
-2 -2 -2 -1 0 -1 0 -1
0 -1 -1 -1 1 0 -1 -1
0 1 -2 0 0 -2 0 -1
-1 -2 -3 0 0 -1 -1 -3
-1 -1 -3 0 1 -2 0 0
0 -2 0 0 -3 -2 0 0
-1 0 -1 -1 -1 1 -3 1
-1 0 -2 -1 -2 -1 0 -1
-1 1 0 -1 -1 -2 0 -1
0 -1 -1 0 -2 -2 -2 0
-1 -2 0 -1 -1 -2 -1 -3
0 -1 -1 0 0 1 1 0
-1 0 -1 0 0 -2 -1 -1
-2 0 -1 -1 -2 0 -1 -2
-1 0 0 0 -2 -1 -2 1
0 -1 -1 -1 -1 0 -2 1
-2 -1 -1 0 -2 -1 -1 -2
0 -1 -1 0 1 -1 1 -1
0 0 -2 0 -1 -1 -1 0
-2 -1 1 -2 1 2 1 -1
1 0 -2 -1 -2 -2 0 1
0 -2 -1 -1 -2 -1 0 -2
-1 0 0 0 0 -1 1 -1
1 0 2 0 -1 -3 -1 0
0 0 -1 -2 -1 -2 -1 0
-1 -3 -1 0 0 -1 -1 -1
0 0 -1 0 -2 1 0 -2
1 0 -2 -1 -1 -2 -1 0
-1 0 0 -1 -1 0 -2 -1
-1 0 0 -1 0 -1 -1 0
-2 0 2 -1 -1 -1 -2 0
-1 -2 0 0 -2 0 1 0
0 -1 -2 1 0 -3 -2 -1
1 0 -3 -1 -1 -2 1 -1
0 -2 0 0 -1 0 -1 -1
0 0 0 -1 0 1 -1 -1
-3 -3 0 -1 1 -2 0 0
-2 -1 -2 0 -2 -2 -3 -1
1 -1 0 0 -1 -3 -2 0
-1 -2 -1 0 0 -1 -2 -1
-1 0 0 -2 -2 -2 0 -1
-2 0 -1 -2 -1 -1 -2 0
0 0 -3 0 -1 0 0 1
-2 -1 -1 -2 -1 -1 0 -1
0 -2 -1 0 0 1 -2 -2
0 -2 -1 -1 -1 0 1 -1
0 -1 -2 1 -1 0 -1 -1
-1 0 -1 1 -1 -2 -2 0
-2 1 0 0 -2 -3 -1 0
-1 -1 0 -1 -1 -2 -1 -1
0 -1 -1 -1 1 0 0 1
-1 -1 -1 0 -1 -2 0 -2
-1 -2 -2 0 1 0 0 -1
0 0 0 1 0 -1 -1 -2
-2 -1 1 0 1 -2 0 -2
-1 -2 0 -2 -2 -1 0 2
0 -1 0 -2 -1 0 -4 -1
0 -1 -1 -1 -1 1 -1 1
-1 0 -2 -1 -1 1 0 0
-1 0 -1 2 2 -1 -2 -3
0 -1 -2 -2 -1 -1 0 -2
0 0 -2 -1 -1 -2 -1 1
0 -2 0 -1 -2 -2 -2 -1
0 0 -1 -1 0 -2 1 0
0 -1 0 0 -1 -2 1 1
-1 1 -2 -2 1 -1 -1 -2
-1 -1 -3 -2 -1 0 0 -2
-2 0 -1 0 -2 -2 0 -3
-1 -1 -2 -2 0 -2 -1 0
1 -3 0 0 -3 -2 -1 -2
0 0 -1 0 0 -1 -2 0
-2 -2 -1 -1 -1 -1 -2 1
-1 -2 -3 -1 -2 -1 0 -1
0 0 -1 0 0 1 -1 -1
-2 -2 -1 -2 -1 0 1 -2
0 0 -1 -2 -2 0 0 -1
-2 -2 0 0 1 0 -1 1
-2 -1 0 0 -1 -2 -3 1
0 0 -2 -1 -1 0 0 1
-1 -1 -2 0 0 0 0 0
-1 0 -1 0 -2 -2 0 -2
0 1 -2 -1 -2 -1 0 -1
0 0 0 -1 0 -1 1 0
-1 -2 1 -1 -1 -2 -1 -3
-1 0 -1 0 -2 -1 -2 -2
1 0 0 -2 0 -2 -2 -1
-2 -1 0 -1 -2 -2 -1 0
0 -1 -2 -3 -1 0 -1 0
1 0 1 -1 0 -2 -1 -1
-1 -1 -2 0 -2 -1 0 0
-2 -3 0 0 -1 -1 0 -3
-1 -2 0 -1 0 0 0 -3
-2 -2 0 1 0 0 -2 1
-1 0 -1 -3 1 1 -1 -1
0 -1 0 -2 1 -1 -1 0
0 -2 -1 -1 -1 -2 -1 1
0 0 -1 -2 -3 -3 0 1
-1 -2 -1 0 -1 0 1 0
0 0 0 -2 -1 -2 0 -1
-1 0 -2 -1 -1 1 -1 0
0 1 1 0 -1 0 -1 -2
-1 -1 1 0 -1 -2 -1 0
-1 -1 0 -2 -1 0 -1 -1
0 0 -3 -1 1 0 0 0
0 -1 -3 -1 1 -1 -1 1
-1 -1 -1 -1 -2 -3 -2 -2
-2 -1 -2 -1 -2 -1 -3 0
-2 0 1 -1 -1 -2 -1 0
-2 0 -1 0 0 0 -1 -1
-1 1 -1 0 1 -2 -1 -1
-1 0 -1 -1 -3 -2 -2 0
-1 -2 -1 -1 -1 0 0 0
-1 -2 -3 0 -2 -1 -2 -1
1 -1 -1 -2 -2 -1 0 -1
0 -2 -1 1 1 0 1 -1
0 -1 1 0 -2 -1 0 -2
-1 -1 -1 -2 0 -1 -2 1
0 -1 -2 1 0 -1 0 -1
0 -1 0 0 0 0 -2 0
-1 0 -2 -1 -2 0 -1 -1
-1 -1 -1 0 -2 -3 -2 -2
-2 -2 0 -1 0 -1 0 0
0 1 -2 0 0 0 0 -1
0 -1 0 -1 0 -1 0 1
0 -3 -1 0 -1 -1 -1 -1
0 -3 -1 -1 -1 0 -1 -2
-2 -1 0 0 -1 -1 0 0
-2 -1 -2 0 -2 -1 -1 0
0 -2 -3 -2 -1 1 1 0
-1 -1 -1 -1 -1 0 -1 0
-1 0 0 -2 -2 0 -2 0
-1 -1 -3 0 1 -1 -3 -2
-1 1 2 -1 0 -1 1 0
-2 0 -1 0 0 0 0 -1
0 -1 0 -1 0 0 -1 -1
-2 -1 0 -1 -1 0 -2 -2
0 0 -2 -1 -1 0 -1 -2
-1 0 -1 -3 -1 0 -1 0
0 0 -1 0 0 -1 -1 -1
0 0 -2 -1 -1 0 -3 1
-1 -2 2 0 0 -3 -3 0
-1 1 -3 0 0 -1 -1 -1
-1 -1 -1 0 0 -2 1 -1
0 -2 0 -1 1 -1 2 0
-2 2 -1 -1 -1 0 -1 0
0 -2 0 1 -2 -3 -1 0
-1 -2 -1 -3 -2 1 -2 -2
-1 1 -1 -2 -3 -2 -1 -1
1 0 -2 0 0 -1 0 -2
0 0 -1 -1 0 -1 -1 -1
-1 -1 -1 -1 -2 0 0 0
-2 0 0 0 -1 -2 -1 -1
-1 -2 -1 -1 2 0 -1 -1
-1 -2 -1 -4 -1 -2 1 -1
-2 -1 -1 0 0 -2 -2 0
-2 -2 -2 0 0 -1 -1 0
-1 0 0 -2 -1 -1 -2 1
-1 -1 -2 -1 -1 -1 0 -1
0 -2 0 -2 -1 0 -2 -2
-2 -1 -1 -1 -2 0 0 -1
-1 -2 0 -1 -3 -1 0 -2
-2 -1 0 0 -1 1 -1 1
1 0 1 1 0 -2 -2 -2
-1 0 0 0 -2 -1 -2 -1
0 -1 -1 -2 0 -3 -2 -1
-1 -2 -2 -1 0 -3 0 2
1 -1 -2 -2 0 1 0 0
0 0 -1 1 -1 0 0 -1
0 1 -2 0 -1 -1 1 -1
-1 0 1 -2 0 -1 -1 0
-1 -2 0 -1 -1 -1 0 0
0 -1 0 -3 1 -1 -1 0
0 -1 -2 0 -1 -1 -2 -2
0 0 0 -2 -1 -1 -3 -2
-2 -2 -1 -1 -1 0 -2 0
-1 -1 0 -2 -1 -3 -1 -2
-2 0 -1 -1 -1 -1 1 0
-1 -1 -2 0 -1 -2 -1 -4
0 0 -2 0 0 -1 0 0
0 1 -1 -1 -1 -1 0 -1
0 -1 1 -2 1 -1 -1 0
-2 -1 -1 -2 -1 -1 -1 0
-2 -2 -1 -1 -1 -1 -1 -1
-1 -1 -4 0 -2 -2 -2 -1
-1 -2 0 0 -2 -1 -1 1
-1 0 0 -1 -3 1 -2 -1
-1 -2 -1 -1 -1 -1 -2 -2
-1 0 1 -2 -1 0 0 0
-1 0 -3 0 -1 -3 -2 -2
1 -2 -2 -1 0 -1 -1 -1
0 0 -1 -1 -2 -1 3 0
0 -1 0 -1 0 -1 0 -1
-1 -2 -1 -1 -1 -2 -1 -1
-1 2 -1 -1 1 -2 -1 -1
-1 0 0 0 1 1 -1 -2
0 -1 -1 0 0 -1 -1 -1
-2 0 0 -1 -1 0 -1 -2
-1 -2 0 -2 -1 -3 0 0
-1 -1 0 0 1 0 -2 -2
1 -1 -3 -3 -1 -1 -2 -1
0 -1 -2 0 -2 -2 -1 -1
0 -1 -1 0 -3 0 -1 -1
-1 0 0 -1 -2 -1 0 0
0 -1 0 0 0 -1 0 -2
-1 -1 0 0 -2 0 -1 0
-1 0 -2 0 -2 -1 -1 0
-1 -1 0 1 -2 0 0 -1
-1 -1 -2 -1 -1 -1 1 0
0 -2 -1 -3 -2 -1 -1 -1
-1 0 -2 -2 0 -1 1 -1
-1 0 -2 -2 -2 -2 -2 -1
-3 -1 0 -1 -1 -3 0 -2
-1 -2 0 0 -2 0 -2 -1
-1 0 -1 -1 -1 -1 -3 0
-2 -2 -3 -1 0 0 0 -1
0 0 -1 0 -1 -2 -2 -2
-2 0 -2 -1 1 -2 0 0
-2 0 -1 0 1 1 -1 -3
-1 -1 -1 -2 -1 0 -2 -2
0 -1 -1 -1 -2 -1 -2 -1
-1 0 -1 0 0 -3 -1 -1
-1 -4 1 -1 -2 1 -1 0
-2 -1 0 -2 0 0 0 0
0 -2 -2 -2 0 -1 1 -1
-1 -2 0 -2 -2 -1 0 -2
-1 -2 0 -2 -1 -2 -1 -1
0 -1 -1 -1 -2 -2 0 -1
-1 0 -1 0 -1 -2 -1 -1
1 -1 -2 -2 0 -2 -2 -1
-1 -2 -1 0 -1 1 -2 -1
-2 -3 -2 -2 -1 -2 1 -1
-2 -1 -2 0 -1 -2 -1 -1
-1 1 0 -1 -1 1 -1 -1
-1 -2 0 -1 -2 1 3 1
1 -2 -2 -3 -2 4 2 0
-2 -2 0 -2 -7 -14 7 -3
-1 -1 0 -2 0 0 -2 -1
-1 0 0 1 1 -2 -5 -1
-1 1 0 0 -1 -3 4 0
-1 -1 -2 -1 1 -1 -2 -1
-2 -1 -3 -1 0 -2 0 -1
-1 -1 1 -3 -3 -2 2 0
-1 -1 0 -1 1 -2 -3 -1
-1 -2 -1 -1 1 5 -4 -1
-1 0 -3 -1 -1 -2 1 1
1 -1 -1 0 0 -1 -3 -1
0 0 0 -1 1 -2 -2 -2
-1 -2 0 0 0 1 0 1
0 -2 -1 -2 -1 1 1 -1
-2 -2 -3 -1 -2 -2 1 -1
0 -1 -2 0 -1 -4 -3 -1
0 0 0 -1 0 2 -1 -1
-2 -2 0 -1 -1 -2 0 -1
-1 0 -1 -2 1 -1 -2 -1
-1 -2 -2 -1 1 -1 -4 -3
0 0 -1 -1 -2 1 -2 1
-1 0 -1 -1 -1 -1 0 -1
0 0 -1 -1 -1 -1 -1 -1
-1 -1 -2 -1 -1 -2 -2 -2
-2 -1 -2 0 -1 -3 -2 -2
-1 -2 1 0 -1 -2 -1 0
-2 -1 -2 0 -2 -1 1 -2
-1 1 0 0 -2 -1 -2 0
-1 0 -1 0 -1 1 -1 0
1 1 1 0 0 -2 -1 -2
-1 -1 -1 0 2 0 -1 -1
0 -2 -1 0 -1 0 0 0
0 -3 0 -2 1 3 -2 -2
-2 0 -1 0 -1 -2 0 -1
0 -1 0 0 -2 -2 1 -2
0 0 0 -2 -1 0 -2 -1
-2 0 -2 -1 -1 -2 -3 -1
-1 -1 -1 -2 -2 -2 -2 -1
0 0 -2 0 -1 1 -2 0
-2 1 -1 0 0 -1 0 -1
0 0 -1 0 -2 -1 -1 0
2 -1 0 0 0 -2 -1 0
-2 -3 2 -1 -2 -2 -1 -1
-2 -3 -3 0 -1 -1 -2 -3
2 0 0 -1 0 1 0 2
-3 -1 0 0 0 1 -2 -3
1 0 0 -1 -1 -1 0 0
-1 -1 1 1 -1 -2 0 -2
-3 -1 -1 -3 0 0 -2 -2
-1 -2 -1 -1 -1 -1 1 0
0 -1 -1 -2 -2 -1 -2 -1
-1 0 0 -1 -2 -2 0 1
0 -1 -1 0 -1 -3 -3 1
-1 -1 -3 0 -2 1 0 -1
-2 0 0 -2 0 -1 -1 1
-2 -1 -1 -1 -2 0 -3 0
0 -1 -2 0 -1 -2 -2 -3
-1 -2 -1 0 0 1 0 -1
-2 0 -1 1 -2 -2 0 -1
-1 0 -1 1 0 -1 -2 -1
0 0 -2 0 -1 -1 -1 -1
-2 1 -2 -1 -1 -2 -1 -1
-1 -2 -2 -1 -1 -1 0 -1
0 0 -1 -2 0 -1 1 -1
-2 0 -2 0 0 -1 1 -1
0 -3 -1 0 -3 -2 -2 1
-1 -1 -3 0 -1 -2 -1 -1
0 0 0 -1 -2 -1 0 0
-2 -1 0 0 -3 -3 -2 -1
1 1 -2 -3 -1 -1 -1 0
0 -1 1 -1 -1 0 -1 0
-1 -1 -2 -1 0 -1 -1 0
-2 -2 -2 0 -2 -1 0 -1
-1 -1 -1 0 -1 -1 0 0
0 0 -1 0 0 0 -1 -2
-1 -2 -2 0 -1 -1 -1 -2
0 0 -1 -3 0 -2 1 -1
-2 0 0 -2 -2 -2 -2 -2
-1 -2 0 0 0 -2 1 0
0 -2 1 -2 -2 -2 -2 -1
-1 -2 -1 -1 -2 -2 0 0
1 -1 -3 -1 -1 -2 -1 -1
-2 0 -2 -1 -1 0 -2 -1
0 0 0 0 -4 -1 1 -1
-1 -1 -1 -2 1 -2 -2 -2
-1 -1 -2 -1 -2 -2 -1 -2
1 -1 -2 -1 -2 1 -2 1
-1 0 -1 -3 0 0 -1 0
1 -1 0 0 0 -2 0 -1
-1 -3 -1 -1 0 -1 1 0
0 -2 -1 -1 1 0 -1 -2
0 -1 -1 -1 -3 -1 -1 0
0 -2 -1 -1 -3 0 -1 0
-1 0 -1 1 0 1 -3 -1
0 -1 -1 -1 -2 1 -1 1
-1 -1 0 -1 -1 0 -1 -1
-2 -1 -1 -1 -1 -2 -1 -1
-3 -1 0 0 0 -1 0 0
-2 -1 -1 -2 -1 0 -1 1
1 0 -2 0 1 -2 -1 -2
-1 0 0 -2 -3 -1 -2 -1
0 -2 -1 -1 -1 -1 -1 -2
-2 0 0 0 -1 -5 0 -1
-1 -1 -2 1 0 -1 0 1
-1 0 -3 -2 -1 -2 -1 1
1 -1 -2 -1 0 -1 -1 -1
1 0 1 -3 0 -2 1 -1
-1 -1 0 1 -1 -1 1 0
1 2 0 -1 1 0 1 -1
-1 0 -2 0 0 -1 -2 0
-2 -2 -1 -2 -2 2 -3 0
-1 -3 0 -2 -1 -2 -2 -1
-3 -1 -2 0 0 -1 -1 -1
-3 0 -1 -2 -3 0 1 -1
1 -1 -2 0 -2 0 0 -1
-1 0 1 -2 0 -2 -2 0
-1 -2 -1 -1 0 -2 -1 2
1 -1 0 -1 -1 -1 -2 -1
-1 0 -1 0 -2 0 -1 -2
-1 0 -1 0 -1 -1 -2 1
-1 -2 -1 0 -1 -1 -1 -1
-2 0 0 0 1 -1 1 -1
-1 -1 -1 -2 -1 -1 0 -3
0 1 -1 -2 -1 -2 -1 0
-1 -2 -1 -1 -1 -3 -2 -1
-1 -2 -2 -2 -3 -2 -1 -1
0 -2 -1 1 -1 0 -1 -1
-1 -1 0 -1 0 -1 2 -2
-2 -1 -1 -1 -2 -2 -1 -1
0 -1 0 0 -2 -1 0 -1
-1 1 -1 -1 0 -2 -1 -1
1 -2 -1 -1 0 -1 1 -1
0 0 -1 -2 0 -1 0 -1
-1 -2 -1 -1 0 -1 0 -1
-1 0 -1 -2 -1 0 -1 -2
-2 -3 -2 -1 -1 -1 -1 -1
0 -1 -2 0 -1 -1 0 -2
-1 0 -1 0 -1 -2 0 -2
-2 -3 0 0 -1 -1 -1 0
-1 -1 -2 -1 -1 -1 -1 -2
0 0 -1 0 -2 -1 -1 0
-2 0 -2 -1 -1 -1 -1 1
0 0 0 0 1 1 -1 0
0 0 -3 1 -1 1 -1 -1
-1 -1 -1 -1 -1 -3 0 -1
1 0 0 0 0 -2 -2 -1
-1 -2 0 0 -1 -3 -2 -3
-1 -1 1 -2 -1 1 -1 -1
-1 -2 0 -1 0 -2 -1 -1
-1 -1 0 -1 -1 -3 -1 1
1 -1 -2 0 -2 -1 -1 -1
0 -2 -1 -2 -1 0 -2 -1
