-47 -38 34 -3 2 12 -1 14
27 28 41 1 8 15 1 -11
-24 10 30 -2 1 27 44 15
3 -13 -16 -1 -5 3 15 -9
2 13 -67 5 1 -5 -35 1
-9 -25 41 -4 -5 -13 -58 -9
-13 -13 0 0 6 -11 9 -3
-13 -4 31 5 1 -43 0 -2
-5 29 -43 -5 -7 46 52 32
-5 -10 -79 -7 -8 11 8 6
10 4 -66 3 -2 -13 -79 -47
9 -22 -85 -8 -13 -15 -83 11
9 10 72 -4 -4 16 10 29
8 11 -34 2 -2 10 29 14
-12 2 -15 4 -3 -60 8 34
-10 11 33 12 9 47 38 -9
22 -3 -91 -18 -16 18 66 8
-25 17 12 0 -7 -77 -101 -19
35 20 80 1 7 60 116 -30
21 7 -66 -11 -1 5 -43 -27
-14 -2 37 8 4 -19 -36 13
-6 -27 85 4 3 26 60 10
-62 -21 -48 -1 0 11 -5 14
29 25 20 -1 -7 -22 30 46
31 -8 23 -1 1 -4 -31 -31
-18 -20 -80 -11 -3 5 -1 9
-1 8 -18 0 2 -80 -103 -27
-38 18 38 -13 -3 15 50 6
5 7 11 -7 -4 20 55 -3
-18 1 -52 -1 -7 -22 21 27
88 -2 -19 -2 -6 7 -37 21
48 37 -11 -12 -3 23 -1 2
-30 -20 -17 -2 1 -9 -17 2
-14 8 -38 2 0 -10 24 1
-60 -13 -37 -3 3 28 -8 -15
12 24 -1 6 1 7 -42 -1
9 29 -12 -7 2 27 45 -4
-13 -24 -16 -8 -9 -25 -88 -31
-39 27 52 -2 0 -12 41 10
43 11 -11 -2 -3 26 2 29
20 -2 7 2 3 0 8 -29
-12 -7 91 -3 -2 -9 6 1
-40 -10 -67 -4 -7 0 15 -18
1 -25 57 -2 1 -48 -22 -11
-34 -29 -58 -4 2 11 51 10
49 10 7 -6 -2 -4 -16 22
-22 1 21 -2 -8 3 -14 -11
-34 -6 18 3 1 -22 16 16
6 -5 -47 5 -3 24 56 30
-49 6 -14 1 -3 -30 -74 -9
43 5 28 -1 -4 -8 -29 -2
4 -18 -56 1 -3 -12 23 0
-26 16 43 10 -1 -1 -82 -4
28 3 0 11 5 86 99 7
7 -38 -5 -4 4 -24 -82 -27
-17 7 12 -4 -7 11 4 5
-9 2 14 3 -1 -16 23 19
-7 -2 -8 -1 -2 -12 0 -34
-3 -7 -49 -2 3 33 41 10
26 -6 26 8 4 -21 -68 -34
-34 -24 41 -9 1 -2 25 -3
23 53 -32 -5 3 -9 -14 -28
29 1 -32 -4 -3 10 55 38
-17 -21 -22 3 -1 37 21 5
-6 30 60 -6 -10 -77 -63 -47
-23 -30 4 3 1 4 17 -24
54 3 21 -1 6 21 -68 5
-20 -4 -21 -5 -4 20 23 -13
28 15 24 -2 1 -17 3 1
-23 -16 -24 -4 4 22 61 17
-45 1 1 0 -5 17 28 32
29 -34 -40 -1 4 -39 -3 6
35 2 0 1 3 13 -67 27
-23 17 25 2 -2 -42 11 17
30 -7 41 1 -5 -27 21 -1
-40 -22 -48 1 3 12 4 11
8 -11 -8 2 -8 -6 -11 -23
22 -4 -63 -9 0 6 26 27
-40 -4 -50 3 -4 -24 -8 9
18 -6 20 -4 6 31 -85 -41
-6 -18 -82 -7 -3 10 29 -8
7 15 34 5 -1 -7 37 25
-15 32 25 2 0 22 -29 -18
-4 22 21 -2 1 -3 54 10
8 -9 -32 2 3 35 9 -25
6 -37 -16 -9 -1 -36 -97 -26
-47 -4 -41 -2 1 -13 59 -4
51 24 107 0 -6 -9 9 -1
-25 17 40 3 -1 -8 -5 12
-9 -19 -10 5 -5 1 32 -1
-9 -5 2 -6 5 8 46 1
29 25 27 5 1 -65 -57 -5
-16 5 -43 1 6 4 8 -7
7 -12 -39 -2 0 34 9 -15
23 17 54 1 -1 -14 -76 -59
-36 -3 -54 -1 -2 33 92 28
21 -8 48 9 5 7 1 25
-13 3 20 3 0 30 -24 3
27 -8 28 1 4 -20 1 -1
-67 -17 -22 -5 -11 -22 -1 3
14 -27 -7 5 7 -2 -41 -42
38 25 -12 -1 3 4 -9 31
-10 -3 66 2 -2 -21 80 22
-8 -5 8 3 4 32 -53 -7
13 14 -11 -5 -4 19 -20 37
-12 -31 26 -2 -4 -18 27 -8
2 2 -40 -8 -3 5 -63 -8
-16 -2 -11 -5 -2 10 42 17
-18 -24 -20 2 -4 -11 21 -2
7 5 59 2 4 18 30 -28
21 -11 -4 -4 -4 -10 -54 -6
2 -7 -27 -3 -3 8 53 8
-28 -4 -20 -10 -4 -27 -20 -54
42 -10 -8 -5 4 41 7 23
-63 -23 -93 -3 1 44 93 16
48 51 74 6 1 -10 -74 -15
-8 9 40 8 -4 -36 29 27
8 -13 -41 -3 0 -19 -21 -25
1 36 -68 -13 -11 6 19 12
-52 20 -7 -8 -8 -18 37 -2
51 16 13 3 0 51 -43 12
-9 -2 4 -6 -4 -52 -37 -26
6 9 6 -7 -3 -9 2 0
-16 -19 -41 -2 -3 18 30 -3
-42 33 108 -1 -3 -27 42 21
12 -5 -21 -1 -6 1 -23 16
23 -3 1 6 3 -4 16 6
-25 -66 -17 0 4 -67 -79 -30
21 -2 -74 -9 -4 18 83 19
-1 12 -5 2 -2 30 -78 -15
-24 12 42 11 2 7 -18 -29
20 3 60 2 5 6 22 29
43 -11 -57 -2 -8 -8 -21 13
-22 3 -48 3 -4 -13 25 7
27 8 88 9 13 -7 -34 -16
-8 15 6 1 2 -25 -26 -38
-9 -9 -26 -2 -5 3 4 11
-8 -34 -14 -8 -2 -21 -68 -10
11 -11 6 2 0 3 36 -1
30 16 0 0 -2 1 11 30
-4 4 19 2 5 42 10 -29
-18 2 58 5 0 -7 -1 39
-45 -24 -23 -8 -6 -28 3 -3
-1 -2 -12 -7 -1 10 -7 -39
56 -7 -38 -1 -5 -35 -66 12
-19 33 95 4 0 1 62 10
37 -4 -4 4 9 3 -15 -25
-42 17 -10 -13 -13 32 23 -23
-6 -2 -6 -1 4 -11 -10 11
-11 22 -46 2 0 -1 4 -7
12 -9 49 6 -2 -10 14 5
-11 -33 -49 -1 -1 -2 30 17
3 -13 65 1 3 12 50 12
7 -7 -48 -4 2 19 -86 -66
-25 16 20 -9 -15 8 61 15
-4 -12 -22 5 1 -1 49 36
13 1 -1 -9 -9 -23 -61 -14
-17 26 36 2 -1 19 91 42
14 -12 -83 2 -3 23 -45 -27
78 18 11 2 -4 -15 -15 28
-56 -11 -79 -1 3 -35 -46 -24
3 -5 50 3 -2 29 73 -19
-43 -10 8 -9 -5 -75 -63 7
4 -8 -4 -5 1 10 60 31
-38 12 -55 -2 2 45 5 -16
-1 -8 24 -4 -6 -10 4 -23
20 2 51 -1 -5 -3 -3 13
-38 -34 20 -3 2 7 -1 -10
-2 -10 99 6 -3 13 13 21
-3 41 -50 3 10 6 -43 -1
50 -4 32 10 4 5 -26 6
63 -2 -6 3 -4 -6 12 -15
-35 -16 16 -7 1 35 13 -13
-4 22 6 3 -1 -8 12 24
-5 -25 -11 -6 1 56 30 -5
-36 25 31 0 -4 -24 -14 11
30 21 68 6 3 -1 -3 -20
3 -34 -114 -18 -10 -44 3 20
-8 3 16 0 6 0 -52 -18
-68 -19 -5 0 1 26 3 -33
81 32 -66 -3 -13 -21 0 13
-13 9 66 2 -4 -2 47 11
3 0 28 1 -5 -22 5 16
0 29 -30 -1 5 55 9 -5
-12 6 -39 -7 3 -43 -32 -35
60 -13 -1 1 0 3 46 9
-17 -5 -86 -8 -1 30 4 38
-31 -3 23 -4 -4 -67 -60 -17
39 -4 -60 -5 5 35 54 -2
-40 -33 -30 -2 -3 3 -33 -25
17 43 90 5 3 28 28 -19
0 0 -48 0 0 -12 -7 25
-28 -14 116 7 2 -26 -4 -22
-2 -27 -9 -1 1 -3 -38 -2
-14 6 -52 -11 -7 -32 81 36
-1 -14 15 2 3 21 -63 -41
61 10 20 1 0 2 -10 -5
-21 16 -1 3 0 7 5 3
-63 -1 84 0 -5 16 94 20
102 -22 -13 0 -4 -68 -85 -27
-71 -19 -29 -8 0 17 51 -27
29 35 -7 -7 2 -31 14 17
13 -16 -94 6 -6 -49 7 9
-28 -17 58 11 7 76 36 21
-19 5 -28 -13 -2 -20 -23 7
10 -10 24 1 1 -15 -37 -19
-47 -12 -21 -4 -1 -17 -19 -24
26 -1 -60 -2 -1 26 13 45
-5 -22 51 -1 -3 -8 -21 -20
8 -16 55 6 7 11 8 -26
-12 -13 -64 -1 1 8 -41 0
31 -6 -32 -3 4 15 50 27
-43 -29 -100 -14 -1 15 -65 -37
-52 -23 -48 -4 -8 -6 -4 6
66 24 18 5 4 -7 -35 12
-44 14 72 -4 -5 -17 -12 -30
20 30 4 5 0 26 70 67
-11 -13 -44 5 -2 3 -59 -20
16 -4 -22 2 2 -1 4 8
-18 -9 -26 -3 -9 -14 16 -22
-15 15 -23 1 2 -15 16 56
17 23 34 4 1 35 28 6
-10 -6 10 -8 -6 -29 -80 -43
-10 4 -10 -1 4 -2 33 -11
14 -9 7 8 -2 -10 -49 -23
24 6 39 -4 2 -1 38 28
-41 -4 -85 -15 -14 -11 56 -4
29 16 37 4 0 28 -60 6
13 -15 17 0 -7 30 19 -8
-25 10 -11 -6 1 -39 -29 -23
51 -13 -3 2 5 12 -29 37
-56 0 -6 -1 2 30 37 -1
11 31 73 13 2 -4 11 -20
-4 -43 -36 -6 0 24 -42 -10
-7 -5 34 -3 1 -10 31 -7
-11 0 -44 -4 -7 -18 8 -22
7 17 7 0 1 -6 -45 15
3 -11 22 -2 -9 -19 117 63
9 -25 -7 3 4 27 -114 -38
35 3 38 1 0 -15 44 -15
-13 -4 7 -6 -4 -12 3 0
-12 3 -19 -1 2 21 0 -9
41 27 -24 -4 5 1 33 -3
-24 -1 -3 -2 -8 -3 6 17
-5 3 -75 -7 -6 -23 25 23
8 -9 34 4 6 -1 -55 -7
-32 -8 -27 1 -1 9 65 1
27 0 -14 -5 1 -10 -95 0
-8 26 28 3 4 6 35 8
3 -3 42 4 -1 4 -15 -6
13 22 -18 -7 -1 1 -6 -4
-12 13 43 2 1 -27 27 -10
-19 -29 -51 0 -2 19 26 1
-24 -16 -56 1 -2 -15 -18 -6
22 -3 -38 -5 -5 7 2 -20
6 5 -53 0 1 -45 -21 3
-11 6 8 0 -4 24 34 -8
21 -4 -26 -3 -7 -16 0 23
-24 -37 12 6 5 32 48 8
-14 7 -19 -1 -5 -66 -65 -3
-9 -8 -10 1 6 -14 -17 -4
58 -18 45 -6 -7 -10 47 21
-32 -7 -1 2 -2 -6 -11 -3
29 19 57 1 1 -5 33 20
-21 -18 39 3 -2 24 -7 -11
-49 19 -24 0 -4 -7 -4 -5
47 18 63 3 -2 8 12 14
-18 -14 -37 3 -7 42 53 2
64 17 -21 -6 1 -8 -54 17
-38 -16 -11 7 1 22 -9 -37
38 -2 -8 6 4 -7 1 17
-33 -18 -17 -7 -1 32 42 3
2 18 -38 -5 0 -13 -31 -10
12 18 -7 -8 -1 -13 -24 2
-42 13 98 3 -3 19 12 -9
19 -11 -53 -3 0 6 7 43
-26 -9 61 4 -4 11 -8 2
30 -10 -99 -13 -1 -30 -14 -22
-51 17 101 10 -4 -18 -31 -7
77 2 0 -6 -3 30 12 16
-23 11 44 -3 -5 -32 33 6
9 16 33 6 4 57 -31 -5
-15 -13 -26 -2 -3 -8 24 7
-4 13 -26 -8 -7 -5 -6 -1
-11 -14 -29 -2 3 -8 5 4
17 5 -16 1 -4 -9 62 1
4 -15 -63 -8 4 8 -70 28
-13 -2 2 7 -1 -4 9 -8
12 -10 -24 -2 5 -18 -16 -24
-66 -12 45 1 -3 26 36 16
62 11 -39 6 -4 13 42 8
-19 -7 -2 7 3 -10 -110 -53
46 -48 -53 -4 -3 -21 78 38
-7 -4 36 -7 -5 17 -125 -46
-18 1 -23 -3 -2 2 39 8
-17 -5 -2 -1 -2 -4 18 3
-1 -2 -57 -2 -1 27 2 5
-7 7 95 -1 -1 11 16 -2
36 -7 0 -7 -1 -21 3 -65
-31 -2 4 -2 2 -42 -73 22
32 23 56 3 -5 -10 42 -1
-2 -3 -6 6 -8 -20 47 6
-54 28 30 -10 7 -17 -28 6
21 -12 76 10 9 -13 0 -37
-14 9 26 1 -3 12 -11 7
59 -21 -47 2 8 -9 22 11
-7 -4 -23 3 -6 -16 -48 -7
-14 1 37 -1 8 26 -37 -32
-21 3 41 7 6 8 15 -4
-23 -7 34 -14 -6 -10 36 35
-15 26 9 6 3 -12 -52 -71
18 -15 -65 -4 -1 13 0 4
-25 -22 -24 -3 -4 -29 -5 -7
-7 -7 -60 -19 0 17 -9 4
-18 -19 21 1 2 -8 17 2
-4 7 20 -1 -8 -22 24 22
19 4 1 -1 -2 12 3 -30
-26 13 -84 1 -4 -36 -52 -1
31 -22 -10 -5 3 12 43 19
-3 12 -4 7 -3 13 34 -3
20 -12 -16 -9 -6 -4 -56 10
-19 -19 -20 5 7 6 -49 -18
-5 11 -14 -4 -1 55 44 20
11 16 23 5 -3 -24 49 8
-19 8 52 0 -1 26 -33 -11
25 28 40 13 3 -26 12 0
-7 0 -4 -4 -4 -1 9 14
2 -12 -18 -14 -3 2 -6 8
-28 4 16 -4 -4 4 14 -10
18 25 -58 -6 -2 -8 2 -2
21 -5 77 5 5 -24 3 26
-35 -18 -47 0 -1 29 37 -17
-19 0 1 -2 -9 -30 54 20
68 35 36 5 -5 -13 -86 -7
-21 -19 53 5 2 9 32 -16
27 22 -26 -4 2 -4 32 30
-34 -11 42 5 3 68 27 -10
-25 -12 10 1 -3 -31 -30 4
-2 -19 -26 2 -6 19 -33 0
-10 21 3 -7 7 14 -3 1
14 4 -30 3 2 -19 -2 -36
-3 -30 -26 -5 0 -6 52 7
0 -10 -13 -4 -7 -15 -36 -7
-29 -27 -21 0 -4 5 24 6
23 19 25 3 2 -70 -16 17
16 -8 -51 -11 -33 14 5 12
-12 3 -35 1 2 -8 -3 0
-9 -18 -35 1 4 -10 33 11
-4 -12 9 -9 -3 11 0 -25
12 -8 26 0 3 -2 -52 2
15 7 -29 -1 1 25 22 17
4 -42 -70 -2 0 -7 -22 -13
48 -19 56 -3 -5 0 -23 -11
-49 16 29 2 6 33 109 27
23 -9 -50 -3 -5 -37 -99 1
-6 -3 14 0 4 -33 -60 -80
-28 -1 -91 -8 -2 -13 26 23
-7 -18 10 7 6 5 -11 -21
14 12 -7 -1 -5 -6 21 9
-3 -6 -49 -7 -8 22 35 26
-21 -29 -62 -3 -2 -23 -16 6
14 42 16 -2 3 6 20 -17
-20 -3 -6 3 0 -18 28 -4
-46 13 44 -6 0 -26 -9 12
77 -8 -1 -1 4 8 -8 -17
-24 6 45 2 -3 -12 9 13
26 34 64 1 2 -1 -15 25
13 9 -21 -1 -3 4 -39 -52
-49 8 2 6 1 0 20 8
2 -18 -67 -6 1 -18 42 -4
13 23 -15 -3 -9 3 -18 7
40 11 79 -1 4 51 16 37
-42 -34 -76 -6 -4 -14 -61 -55
-18 11 -49 0 3 11 -14 -37
31 -14 -20 2 10 0 30 26
14 11 33 3 -6 4 -41 -21
-49 11 13 0 -6 9 15 9
23 -20 69 1 -1 6 14 -3
-2 -34 -9 -6 -5 -29 -23 -47
-21 -3 -32 -3 -2 13 15 7
3 17 9 3 3 -3 28 37
12 24 72 1 -7 11 -7 18
-27 14 -18 0 -3 -13 11 1
14 12 29 4 -2 26 1 -1
-3 -12 -31 1 -3 -75 -38 3
14 -10 -26 -2 4 58 -48 -1
-9 29 -11 -14 -5 -1 7 -18
-22 16 50 0 5 24 57 19
26 7 50 -1 -10 1 -13 20
19 10 -36 -8 2 -17 13 -8
-39 -20 -41 1 -4 28 32 34
-14 22 31 5 -1 -80 -86 -79
10 -3 26 -2 5 65 29 -5
29 -5 -32 1 -1 -23 23 23
-8 -7 4 2 -1 39 35 24
31 -12 -48 -1 -5 -10 -25 19
27 -5 -40 5 4 -3 4 -25
-35 -20 7 2 1 31 11 12
-26 -2 7 5 7 5 -38 3
20 -32 -26 -5 -4 -17 0 8
-10 0 -11 0 5 -35 -30 -4
-32 -30 -51 -7 4 33 45 20
20 12 92 7 -1 -28 -16 -26
14 -15 -26 -3 7 43 4 -10
3 10 29 -1 -13 30 27 19
-1 16 34 6 -5 -38 -14 33
-1 -6 2 -1 -2 -5 -21 -80
18 22 -10 -3 -5 7 -5 34
-4 15 75 5 -2 -15 12 22
-14 6 -29 -2 -3 -20 9 -26
26 5 1 -3 -3 17 -24 14
-25 -7 -48 1 -5 -7 48 -1
3 37 83 0 8 -10 -27 -6
-5 -6 8 3 -1 -1 -20 -10
32 1 -4 -5 1 -16 33 27
-30 -21 -36 -8 -1 -22 -15 -27
22 -8 -36 -1 4 40 17 22
-9 1 46 0 -4 -37 -3 -6
-30 -14 -20 -4 -13 -11 15 6
-6 6 30 7 3 17 28 27
-52 -16 -29 -5 -6 -11 -14 -26
78 10 35 4 -2 7 -47 16
-8 -6 3 0 -4 9 0 -11
-28 -7 33 5 2 1 18 11
-2 -5 -45 -10 -3 -4 20 -4
-89 -65 -31 -8 -1 -25 -33 -32
64 31 8 -1 2 -3 9 12
8 -14 21 -6 -3 -7 18 13
-10 -2 -2 6 -3 3 -5 -14
4 12 -7 1 -5 15 43 5
-57 -7 -91 -9 -1 22 -69 -46
29 7 120 6 1 -24 -7 -1
-7 3 -103 -3 4 25 -21 -14
-24 18 86 7 4 5 12 -41
51 7 -26 -1 -4 3 7 15
-29 -16 1 -1 3 12 -26 -3
7 8 -7 -4 3 -26 -2 -1
9 -25 -41 0 5 21 -3 -10
-49 -5 28 6 -3 -29 98 32
12 7 37 1 1 -16 -42 -36
25 -13 -24 -1 2 8 -37 12
-13 -6 -90 -10 1 23 76 59
-5 -1 77 -7 -3 -25 -68 -11
39 10 -37 -5 -6 -17 25 23
-65 -56 22 -6 -7 -5 17 -16
23 29 -49 -2 0 10 28 -4
-22 -9 -7 1 10 52 -75 -28
-22 10 4 4 -2 -13 41 35
64 19 24 3 6 36 -42 -31
-4 28 28 3 -4 -35 8 -22
5 -28 -13 -6 2 8 27 36
-37 7 5 3 3 25 -78 -34
6 7 16 0 7 -29 -25 8
24 13 -30 0 7 11 23 20
2 -29 -20 1 6 -22 -19 -24
-21 -11 -41 -3 -2 20 98 63
16 17 1 1 -3 -19 -92 -76
-13 -13 16 -3 3 34 0 16
3 32 10 2 -4 23 19 9
-45 -19 6 -8 -3 -13 -8 -16
63 18 -6 0 -2 -8 45 18
-19 -39 -45 -12 -5 1 -38 2
-12 -2 52 12 -3 -14 22 12
8 -2 9 5 -5 -15 26 -19
-8 40 31 2 -3 5 -55 2
-14 11 55 4 1 33 16 -8
-6 -5 -42 -4 -2 -28 0 12
67 6 12 -1 -5 16 66 3
-41 -11 -43 -2 -4 -14 -57 -41
23 8 46 0 2 -31 5 11
-21 -6 11 2 -1 48 65 10
19 39 4 -10 -12 -41 -51 -10
-28 -21 -66 0 -6 26 69 28
38 4 17 2 4 -14 -60 -26
-18 -17 18 2 -17 -33 70 35
0 -33 -36 -11 2 7 -22 -40
-14 -9 52 -2 1 15 6 24
11 11 34 4 -4 -38 -2 4
17 -14 -6 0 5 5 -24 -8
19 3 18 3 2 15 -22 2
-56 -23 -12 -1 -6 -6 46 10
-16 -9 17 8 2 6 -3 -45
53 22 -39 -10 -1 0 -98 -24
-15 4 22 11 9 13 27 2
-7 4 0 -8 -1 24 46 81
-67 -8 21 -1 -8 -32 3 -25
50 -10 -42 -11 3 -1 -88 -11
-25 -1 -44 4 2 6 59 19
7 0 53 1 -6 7 -36 7
36 -10 -62 1 -1 2 18 8
-65 4 -28 -5 -4 15 61 -2
26 -4 -8 -1 2 -29 -18 -4
23 -14 20 -8 -3 -18 -63 -30
14 15 -24 2 4 -17 13 3
-79 25 12 1 -2 12 12 -20
76 3 -37 1 1 -5 -35 19
-5 -1 -1 1 -3 13 68 17
-19 28 55 -8 -7 -20 -16 3
47 -14 -31 3 3 -14 3 5
-51 31 29 -1 1 24 -17 -35
-1 -1 -1 9 -9 1 1 1
-1 -1 0 12 6 3 -1 -1
-4 -3 -9 53 -13 -8 0 -4
-2 0 -3 -23 -1 1 -1 -3
0 -1 2 -15 2 2 1 2
2 -1 -3 36 5 -3 -2 0
-2 -2 1 -48 3 -5 -3 -4
0 -1 1 -18 0 1 -1 -4
-1 0 13 97 8 3 -4 -3
2 2 -6 -63 10 6 5 5
0 2 0 6 7 0 -2 -1
-3 -2 -1 13 0 -6 -1 -6
1 -1 -1 -34 5 5 0 0
1 0 6 -16 -6 -2 2 4
-1 1 -2 -13 -6 -2 -1 0
-6 -2 0 -7 1 3 -4 -3
0 1 1 36 8 -3 1 3
-3 -4 -7 -15 -21 -4 -3 -2
-4 -3 -8 24 -3 2 0 -4
4 4 11 33 11 1 1 4
-1 -2 -8 10 2 0 0 -3
-3 -1 1 -9 1 -6 -2 -3
2 1 7 -8 8 5 0 3
0 -3 -2 32 0 -2 -2 -1
-1 -1 -2 -31 -15 -8 -1 1
1 0 -2 16 20 7 1 2
-2 0 1 -4 -19 -5 -2 -1
-3 0 3 29 9 -1 -3 -2
2 -2 -8 -14 -18 -2 5 3
1 2 1 15 -1 -1 1 0
-3 -3 5 38 2 -5 -2 -5
1 3 8 45 10 2 2 2
0 -2 -6 38 4 2 0 2
-1 1 0 -34 2 5 2 1
-2 -2 -3 -15 -6 1 0 -4
-2 -2 -4 20 13 1 0 -1
4 4 16 78 -9 4 2 3
0 1 -2 0 10 -2 -2 -1
0 -1 2 -10 -1 -4 0 0
-1 -4 -6 -24 4 3 0 -3
-1 0 2 -6 6 2 -2 2
-4 -4 -7 20 -9 -6 -3 0
-2 -1 1 -33 3 0 -3 -2
0 2 -1 17 -7 0 1 1
1 -2 -2 -59 9 0 -3 -2
-2 -1 -4 7 -9 1 0 -2
-3 -1 -7 22 -5 -3 -3 -1
1 -1 1 21 6 1 -1 1
-2 -2 1 11 -20 -9 1 -1
0 -1 -2 -27 -1 -10 -2 1
3 2 3 21 6 1 3 0
-2 -3 2 7 1 1 -2 -1
-3 -2 -8 -34 0 1 -1 -4
-1 -1 3 18 -3 3 -1 0
0 0 -2 1 -4 -2 -1 -1
-2 -1 -3 -14 -20 -8 -4 -3
-1 -2 0 -6 16 1 0 1
-1 1 0 -7 1 -1 0 0
-3 -4 3 17 5 -2 -3 -3
2 -2 -4 -33 -25 2 1 1
0 0 -1 9 20 3 -2 1
-1 -2 -6 -7 -5 -4 -1 -3
-3 -3 -5 -36 -12 2 -3 -2
1 -1 1 6 5 -5 3 4
1 0 2 18 3 0 -1 -4
2 0 -2 -5 -3 1 2 3
1 1 1 3 5 0 0 -2
0 -3 -1 8 -16 -5 -1 -2
-1 -1 -5 -26 1 1 -1 -3
-1 -1 10 24 18 3 0 -1
-2 -1 0 31 0 -2 -2 -1
-3 -2 -13 24 9 -1 -6 -5
0 -1 0 -6 -7 -1 -1 -1
2 0 6 73 -3 -4 -2 0
-1 -1 -7 -15 -7 -1 0 -1
-1 0 5 41 13 -1 -3 -5
-1 1 -2 -5 -3 0 -2 0
-2 -4 -7 -8 -4 -4 -1 1
0 2 -3 -12 -25 -4 1 -2
-1 -3 7 -12 1 -1 0 0
0 -1 -13 -20 7 -2 1 -1
-2 -3 -1 -14 -15 -1 -3 -4
-5 -3 -1 -7 3 -4 -4 -2
2 0 -3 -61 0 -1 0 0
0 -2 -6 10 -22 -6 -4 0
1 0 0 -54 5 1 1 0
-2 -5 -1 20 2 -2 0 -2
-2 1 -1 -15 0 -1 2 -3
-2 -2 7 19 4 -4 1 0
-1 1 -3 -35 -8 -3 -3 -2
0 0 4 -5 -3 -2 2 3
0 0 0 0 5 0 -3 0
0 1 1 14 13 2 0 2
-1 -2 1 26 -12 -5 -3 -1
0 1 -2 -48 -7 4 0 0
-4 -4 -11 -84 0 -3 -2 -4
0 3 2 -6 -10 -1 2 3
-1 2 0 5 6 1 -1 -3
-1 -2 1 52 10 2 -2 -2
0 0 0 -6 -2 2 3 4
-1 -1 0 -81 -15 0 -3 -2
-1 0 -7 -3 9 3 0 -1
-1 3 6 -6 -1 1 -2 -3
0 -1 3 16 -3 0 1 1
-3 -2 -2 12 3 -1 -3 -3
-4 1 -1 9 1 1 -2 -2
0 -1 4 -21 15 4 -1 -2
-1 -1 -7 21 0 0 -1 1
2 1 1 44 -8 -5 -1 -1
0 1 9 53 23 5 0 -1
2 -2 -2 -7 1 -1 1 -1
0 0 -1 44 -7 -7 -4 1
-2 -1 1 -36 6 3 2 -3
-4 -2 0 17 -3 -1 -2 -3
1 -2 -7 8 0 -1 1 3
0 2 3 20 4 -1 -1 -3
0 1 -1 -24 -5 0 -1 2
-2 0 0 -24 3 0 -1 -2
-1 -2 4 9 -5 -2 0 1
-1 -1 -7 -36 -1 -3 1 -3
-3 -2 -7 -11 2 -4 -2 -3
2 -2 -6 -41 -13 -3 0 1
-2 -2 -3 -8 5 -3 -5 -2
-4 1 -2 -77 -2 -2 -2 1
-2 0 5 7 -20 -2 1 -1
-1 -2 -10 -9 12 2 -1 1
-3 -2 -1 24 -9 -1 -4 -3
0 -2 7 64 1 1 0 2
-5 -1 -3 -25 3 -1 -1 -1
0 -1 0 -25 0 4 1 -2
2 1 0 22 3 3 0 3
-4 -4 -1 -19 2 -2 -3 -4
2 0 4 47 -2 -2 -3 -1
0 -2 -7 -21 -1 -3 0 -1
-3 0 -8 -49 -9 0 -2 -2
0 -2 6 -27 -16 -1 -2 0
1 1 0 -5 9 1 1 0
-1 -1 -5 -36 -2 -1 0 -1
0 1 0 -28 -8 -5 0 0
0 0 3 52 9 6 0 -2
-3 -7 -6 21 1 -5 -2 0
-2 -1 -1 -12 -10 -3 -3 0
-3 -1 0 -12 11 -1 0 0
0 1 3 45 -2 -1 0 -1
-1 -3 -2 -21 6 1 -1 -1
0 0 5 9 -5 2 0 0
-1 -1 0 17 12 1 -1 -2
-3 -1 2 -1 10 -3 -1 0
0 0 -7 -22 -14 -2 -1 1
-1 1 3 28 1 -4 -2 -3
-2 0 -6 -45 -5 -1 1 0
-1 -2 -2 11 6 3 -2 -1
-1 0 -1 -8 6 -1 -2 0
-2 -4 1 7 3 1 0 -3
-2 0 10 45 -4 1 1 0
2 2 -9 -80 9 2 0 -1
0 0 5 3 5 0 0 0
2 2 7 73 -11 2 -1 1
-1 -3 -4 2 -1 -2 -3 -5
-1 -3 -1 -2 -16 -2 0 0
0 0 1 13 9 3 0 -2
-1 0 5 -7 -1 1 0 0
2 1 -3 15 -5 -5 -1 2
-1 1 4 29 -2 -1 1 1
1 0 -9 25 -5 -2 -2 -1
-4 -4 -5 -32 -8 -7 -3 -6
2 -2 9 52 7 3 0 0
0 -1 -14 -59 -10 -2 -1 -2
-3 -1 9 19 5 0 -1 0
-1 1 2 13 -1 -2 2 2
-2 -2 -3 10 7 -1 -2 0
3 2 8 17 -8 -3 4 5
-2 0 1 17 6 4 1 -5
-2 0 -2 -6 2 -1 -3 -3
0 -2 -5 -18 11 2 0 1
-3 0 5 10 -2 0 -1 -2
1 3 10 81 4 -1 -2 0
0 0 6 42 9 4 2 -2
-3 0 -10 -23 -12 -8 0 -1
0 -4 -7 5 5 -2 -6 -3
-1 -3 -7 -45 -14 -2 -1 0
-1 -3 -1 3 3 1 -4 0
-4 0 -1 -15 -2 1 -2 -1
-2 0 2 -3 9 -1 -5 0
-1 -3 -2 26 -1 -3 -1 -1
-1 -3 -7 10 2 1 -1 -4
0 -1 -6 -20 -6 -2 -2 -2
-1 -2 -3 12 8 5 0 0
-4 -3 -6 -43 -10 -5 -5 -2
0 -1 -9 -17 5 0 -1 -3
-2 -2 1 74 -13 -4 -1 0
3 4 6 -11 9 1 1 0
-1 -3 1 -14 -6 -6 0 -1
-2 -4 -6 8 -17 -3 -3 1
-1 -2 -2 10 10 0 -1 -5
-2 -2 -3 -10 -12 -2 1 0
1 1 -8 -30 -3 4 2 -1
-3 -3 4 14 6 -4 -2 -2
-2 0 4 -27 -3 -2 -1 0
-1 -2 -3 0 -4 -2 -2 -2
3 1 3 -6 9 1 0 -1
-1 -3 -3 -76 -8 2 0 -2
0 1 2 23 -3 2 -1 -3
-2 -1 -5 -33 -6 -1 0 -4
-2 -2 -3 8 0 -2 -3 -1
0 -2 2 22 -6 -4 -2 -2
3 0 -6 -78 11 3 2 2
0 -1 -3 -6 -15 -3 3 1
1 0 1 13 4 1 1 -1
1 1 0 25 15 2 0 2
0 2 5 18 -6 -1 1 5
0 0 -1 -7 -1 -1 -1 -1
-2 -1 -3 10 2 0 0 -2
1 0 -2 9 -4 -2 2 2
-2 -3 -8 -7 -9 -3 0 -2
1 -1 11 6 3 1 0 0
0 1 -5 -9 3 1 -1 -1
-1 0 0 0 2 -2 2 0
-4 -2 -2 0 -10 -3 -1 -4
-3 -2 2 27 13 1 -2 -3
-1 -2 -9 -1 -19 -5 -2 2
2 3 2 2 9 1 -1 0
3 2 7 14 6 1 2 2
-2 -3 0 9 -2 0 -1 1
0 0 1 12 8 1 -1 -1
-4 -7 -20 -83 -30 -5 -3 -3
0 1 2 18 -2 0 -3 -1
0 1 -3 -7 1 -3 -1 -3
-2 -2 -2 36 7 -2 0 -1
-4 -3 -6 -9 -14 -8 -3 -5
-1 0 -1 -6 5 7 0 0
0 0 -4 -15 -21 -10 1 2
-2 -1 3 -32 3 1 1 -4
2 5 10 14 6 2 1 2
-1 -3 -5 -53 -10 -7 0 -2
-1 0 -3 -2 -1 3 -3 1
-1 -2 1 9 -2 0 -1 0
-3 -2 -2 28 -2 -5 0 -2
1 -1 3 -14 -7 -1 0 1
2 3 -2 28 10 4 -2 -2
-1 -2 1 -33 -11 0 -2 -6
-2 -3 -5 -34 3 -1 -1 -1
-1 -1 -5 18 8 -1 -3 -2
-4 -2 -2 -6 -11 -2 -3 -4
1 -2 2 13 2 1 3 3
1 3 5 32 15 4 -1 0
-3 -1 5 -14 -16 -2 0 -1
1 -2 -7 -18 -4 -5 -1 2
-1 1 -1 -26 -6 0 2 1
0 -2 3 9 3 1 -2 -1
-2 -3 -4 8 14 3 -2 -4
1 3 6 31 13 2 0 2
-3 -1 -3 -12 -1 -3 0 0
0 0 -3 -10 -12 -5 1 -2
-1 0 -3 5 11 0 -1 -1
-2 -4 -2 -4 -4 -3 -1 -2
1 1 2 36 -3 -3 -3 -1
-2 -2 2 -24 -7 -1 0 1
-2 2 0 17 7 0 -2 0
0 1 5 50 -3 4 -1 1
1 3 4 -14 0 0 -1 2
-2 -3 -9 -40 8 -1 -2 -3
1 -1 1 -9 -35 -7 4 3
-2 -4 0 -14 -2 -3 -3 -3
-4 -2 0 -10 4 1 -1 -2
-2 0 -1 3 -11 -4 -1 -2
0 -3 -3 -19 1 0 -1 -3
-2 -2 -2 -7 1 -4 -1 -2
0 0 2 5 -8 -4 -4 -3
-1 -1 3 53 7 4 0 0
0 -1 3 1 5 1 -1 0
0 -1 -6 -46 -13 -5 2 0
-2 0 1 16 5 -1 -2 -3
-3 -3 5 25 -1 -3 -3 -3
1 0 -8 -9 8 2 -1 -2
-5 -2 -4 -13 -3 -4 -2 -2
-1 -3 -1 32 2 -1 0 -1
-4 -1 1 -32 9 1 0 -3
-2 -2 -3 19 -12 -3 1 1
1 -1 -3 -7 8 2 -1 1
-2 -1 -2 -8 0 -2 -2 -1
0 2 0 2 0 3 2 1
-2 -5 -1 -38 0 -1 -2 -3
1 0 -2 3 6 1 2 -1
-3 -2 -6 -34 -7 -2 -3 -1
0 2 -2 7 2 3 -1 2
-5 -3 -10 -42 -4 -4 -3 -5
-2 -2 2 20 5 3 -2 0
1 -1 -2 -2 -3 0 1 1
-2 -4 -5 8 -1 -5 -4 -3
2 0 6 26 0 2 1 0
0 -3 -3 17 -5 -5 1 1
-1 -1 -2 -33 -7 -1 1 -4
2 -2 9 22 -10 -7 0 1
1 2 -1 27 20 4 0 2
1 0 1 9 -8 0 -1 -1
0 -1 -10 24 4 0 0 -1
-2 1 -2 -19 3 2 1 -2
0 0 1 6 -3 -6 -2 0
-1 1 0 23 3 2 -1 0
-3 -1 -3 -27 3 -1 -3 -2
1 -1 1 -20 -7 1 1 1
-4 0 -2 -20 6 -2 -3 -2
0 4 0 27 -1 1 0 0
-1 -2 2 -9 -10 -1 0 -1
-2 -4 2 -6 0 -2 -3 -3
-1 0 -2 6 1 -3 1 0
-1 -1 1 -32 4 -1 1 0
-1 0 9 39 7 -1 0 0
-1 -1 -17 -42 -10 -2 -3 0
3 -1 7 16 -1 0 0 -1
-4 -4 -11 -29 -1 -1 -1 -4
-2 1 2 19 7 0 -1 0
1 -2 3 -34 0 0 -2 -1
-1 -1 2 43 4 4 1 1
-1 0 -3 -11 -11 -2 -1 -1
2 -2 -1 -26 -1 -1 0 1
-3 0 0 -28 -11 -3 -5 -3
0 -1 -7 3 8 4 0 0
-2 -4 1 14 -3 1 -1 -2
-2 -2 0 22 -5 -1 -1 -3
-1 2 12 23 23 6 -1 1
1 2 -9 6 -5 3 2 0
1 -1 3 1 3 -2 1 0
0 -1 -2 13 -5 -6 -2 -3
2 2 2 30 9 1 -1 -1
-1 0 2 -63 -5 -4 -1 -1
-4 -2 -2 -17 0 3 0 -3
-2 0 -10 7 10 5 -2 1
-1 -2 -4 17 -12 -5 0 -2
1 -1 -1 -47 0 0 -3 -3
1 2 1 -7 -11 -1 -3 -1
2 0 -1 -15 8 2 0 1
-2 -2 -6 -6 -4 3 -2 -3
0 -3 -2 13 -12 -5 1 2
-4 -2 6 0 3 2 -4 -1
-5 -4 -7 -17 -3 0 -3 -4
-1 0 3 10 -6 -5 3 2
-5 -3 -5 -5 -11 -4 -5 -4
1 -2 -2 -10 0 -3 -2 -3
2 2 1 8 -4 0 0 -1
0 -1 -2 -23 8 6 1 -1
0 -1 0 36 -4 -5 1 1
-4 -1 -3 51 -1 -3 -1 2
1 2 10 6 -2 2 0 3
1 -3 0 5 8 -1 -1 -1
-2 3 5 -14 -4 2 0 -1
-1 2 -2 -19 1 1 0 2
-2 -6 -4 -40 -13 -5 -3 -3
1 -3 -4 18 2 1 -1 0
3 -2 7 81 -4 -4 1 3
1 1 -3 -41 -5 0 0 0
-4 -1 1 6 5 1 0 -5
1 -2 -3 20 -5 -2 2 0
0 -2 -5 2 1 0 -2 -2
-3 -2 -5 -17 -1 -4 -1 -3
1 0 -3 -5 4 3 4 2
0 2 1 6 -3 -3 -1 -1
-2 2 -1 -13 9 1 2 -2
-1 -2 0 -9 -9 -7 -5 -1
-1 -1 1 -7 3 -6 -16 -2
-5 -2 3 47 -8 -9 4 -2
1 0 -1 13 2 6 -1 -2
-1 0 1 -32 8 1 6 -1
0 0 -1 16 -5 3 3 0
-1 3 2 4 -2 0 -5 -1
-4 -3 0 -5 -4 -6 -1 -2
0 -1 -1 -39 4 0 -2 0
2 -2 -6 -14 -10 -4 -1 -2
0 2 3 3 5 2 2 1
-1 -2 0 -7 0 -1 -2 -1
1 -2 -3 24 -2 1 -1 -1
-2 -2 3 -10 -1 0 2 1
0 -3 -2 9 4 0 -2 1
-1 0 1 -3 -7 -3 -2 -1
-1 1 2 31 3 -3 -1 0
-1 1 -3 -12 10 4 1 -2
0 -2 -3 -9 -8 0 0 0
0 2 3 -3 9 1 -1 1
1 0 0 11 -1 0 -2 -1
-4 -2 0 19 4 0 0 1
-2 -1 1 -17 1 -3 -3 0
-1 -4 -5 -56 -8 -4 -2 -3
0 -1 4 19 -6 0 2 -2
0 -2 -1 9 -2 -4 1 -2
-3 -3 -6 -1 -3 -1 -3 -2
1 1 -2 -5 1 -2 0 0
2 -3 -1 27 -4 -1 0 0
4 2 4 5 -2 -1 1 1
-1 -2 -11 -21 -5 -4 -2 -2
0 -3 -3 26 11 0 -2 -1
-1 -1 -1 -7 -5 1 0 -2
4 -1 0 2 -8 -5 2 -1
2 -3 0 -3 3 2 -2 -1
-1 -1 -1 -13 -9 -3 1 3
-3 2 -2 19 -2 -3 -1 1
-2 -1 0 12 3 1 -2 -1
0 3 0 -10 -6 0 0 -1
-2 -5 0 33 3 -2 -1 0
-4 0 -2 -43 -7 -2 -2 -1
-7 -1 0 8 -4 -2 0 -2
-3 -1 -2 10 -2 -4 1 1
0 0 6 -5 1 5 1 2
-2 -2 -8 17 5 0 -2 -2
-1 -2 4 -34 1 -2 -5 -4
6 1 -7 -30 -10 -4 2 1
-1 0 -2 -7 -3 -3 -1 1
-2 -2 4 21 10 2 0 -2
-1 2 -1 -6 -13 -1 0 1
-5 -4 3 -7 4 2 -3 -2
-5 0 -1 27 2 3 1 -2
0 1 -1 -7 -1 2 -1 -1
-1 -3 -5 28 9 -2 1 -1
-3 -2 -3 -19 -8 -3 -3 -2
0 1 -3 -12 -13 -3 -1 -3
1 -3 -1 16 0 -1 0 -2
0 -1 4 20 -6 1 0 -5
-1 -2 -18 -41 -7 0 -1 -3
3 0 2 -6 8 -3 -1 -2
2 -2 1 -10 -10 -4 0 -1
-1 0 -3 -17 -1 -2 -3 -3
-1 -1 7 16 11 2 -2 -1
1 -2 -2 1 -7 2 0 2
-2 -2 -6 -10 3 1 -2 -3
-1 2 -2 8 8 2 -1 0
-1 -1 2 -9 -2 0 -1 -7
-3 0 0 -23 9 3 0 2
-2 -2 4 11 9 -1 -1 -1
-3 0 -11 -40 -23 -5 0 0
0 2 2 -15 4 -4 2 0
1 0 -12 -34 -8 -1 -2 -2
1 1 4 23 10 4 -2 -2
1 -1 -2 -4 -9 -4 -1 2
-1 0 3 27 -8 0 0 1
1 0 -4 12 5 -3 -3 -1
-2 0 0 -23 -8 -1 1 -1
-3 -2 -2 -22 11 4 0 -2
1 0 2 58 -7 -8 -2 0
0 -1 0 -25 15 4 2 1
-1 -4 -7 -27 -14 -5 -2 -2
-1 -4 14 51 9 3 -1 -3
2 0 -9 -33 -16 -5 1 2
0 0 4 25 -2 -3 -3 -1
-2 -1 -4 3 3 0 -2 0
-3 0 -4 -2 2 4 -1 -2
-3 -2 -2 2 10 3 -2 0
-2 -1 -2 2 -8 -2 0 -2
0 2 -2 13 0 -2 1 0
0 -3 0 -10 0 -2 -3 -1
-1 0 3 18 4 2 -2 1
-2 -2 -5 -3 -5 -1 -1 -2
-1 -2 1 -16 -1 1 0 0
-4 0 1 5 -7 0 -2 -1
-1 -2 2 -21 -7 -1 1 -5
-2 0 0 -4 -7 -3 0 -1
-2 1 5 25 2 1 -1 -1
3 2 -7 -36 -4 -4 0 3
1 -1 3 -7 6 2 0 1
1 1 4 5 -5 -1 0 -1
0 0 0 18 1 -1 2 1
-3 -3 -4 -1 -1 -2 -2 -2
-2 -1 1 14 6 3 -2 -2
-1 -3 -6 0 -3 -4 -1 0
-1 -4 -3 1 -4 -2 0 -2
1 -3 -1 7 10 0 -3 -1
-1 0 3 14 -8 -2 -1 -1
-3 -2 -3 9 3 0 -2 0
-1 4 3 7 -5 -4 0 2
-4 -2 -4 16 -3 0 -1 -4
-1 -3 9 6 -4 -3 0 -2
0 1 -4 25 8 -5 2 -1
2 -2 -5 -5 -14 -2 -2 -2
-1 1 -1 -18 -1 -4 0 1
2 0 0 -2 5 2 2 2
-2 0 3 -9 -2 0 -4 4
-2 0 -4 -10 -2 0 -2 -2
-1 -3 0 27 -1 0 -3 -3
-2 0 -6 14 -6 -4 -2 -1
0 -3 1 -26 -5 -1 -2 -5
0 0 -1 16 11 4 -1 0
0 0 2 27 -4 -2 1 -2
-1 -2 -6 -27 7 2 3 0
-2 -1 4 25 1 -1 -2 -2
1 0 -2 -44 -4 -2 0 -1
1 -1 2 5 2 2 1 0
-2 -2 -10 5 4 0 -2 0
2 -3 2 0 -1 0 1 -1
-1 -4 -2 -12 -5 -3 -3 -4
0 2 0 -2 -2 -2 1 3
-4 -3 -2 8 2 -1 -4 -3
-2 -1 -4 -35 -8 -3 -1 -3
-3 -1 1 31 9 -1 -2 -4
0 2 1 -20 -11 -1 2 0
0 1 6 20 3 1 0 -1
-3 -1 3 -12 1 -2 -1 -2
1 -1 -6 30 2 2 1 1
-1 1 4 21 0 -3 0 -1
-1 -2 -3 -33 -3 -2 -2 -2
-1 -1 0 4 -2 -2 -3 -1
-1 -3 -7 -24 -3 0 -3 -3
-1 -4 -2 -3 -2 -4 6 -3
-2 0 3 -1 -1 -1 4 1
-2 -4 -17 -3 0 0 1 0
-2 6 24 2 1 -2 1 -1
0 4 4 1 0 0 -3 -3
1 -4 9 -1 -7 -4 -2 1
1 9 -19 0 1 0 -2 0
-4 -6 21 0 0 1 -4 -4
0 -2 -17 -4 0 -4 -4 -2
-2 -3 -4 -1 -1 -1 -1 1
1 11 9 0 -2 -2 1 0
-9 -18 -8 -4 -6 -7 -2 -6
5 -3 -4 1 1 3 -1 2
2 0 -7 1 0 -5 0 0
0 -1 -1 0 -1 1 -3 -1
-4 2 -15 0 1 0 -1 -1
-4 -6 2 0 -4 -3 0 -2
0 -1 -15 -6 1 2 -3 -2
2 1 6 3 0 2 1 3
2 3 -8 -1 1 -4 0 -1
1 -5 13 2 2 1 -1 -3
-3 4 4 2 2 4 -1 -4
-1 -4 -17 -4 1 -3 1 -2
-1 0 39 -4 -4 1 -3 -2
0 4 -13 0 -2 -2 0 1
-2 3 4 0 -1 -1 -1 -2
-2 -10 3 -1 -1 -2 -1 1
3 -1 -17 3 -1 -1 2 1
-3 -14 -5 -3 -1 0 -3 -3
1 3 2 -2 0 0 1 1
-2 -1 -2 -1 -3 0 -1 2
-2 -3 -1 -3 -2 -3 -2 -3
-2 0 -2 -2 -1 -2 0 -2
2 -2 -6 -1 -2 -1 0 -1
2 -2 11 2 0 2 0 3
-2 0 -30 -7 -2 0 -2 -7
-1 -1 6 1 0 0 -1 0
-1 -3 -3 -3 2 1 -4 -1
2 3 3 0 4 0 1 1
-3 -3 7 1 -2 -1 -1 -1
0 0 -2 -2 -2 0 0 -1
0 -1 -3 2 2 -2 1 1
0 -3 -6 -2 -1 -1 0 -4
-2 -3 1 -1 0 1 -2 0
0 -1 -4 -1 0 -1 -1 -3
-1 -1 4 0 0 0 0 -1
0 0 -4 -2 -5 -6 1 -3
-1 -1 4 0 -3 -2 -1 -1
0 1 2 -1 0 1 0 3
-3 -1 -3 1 -3 1 1 1
0 -3 -4 -3 -1 -1 -4 -1
-2 1 5 11 1 -2 -1 -1
-2 0 -3 -19 -1 -2 -1 -2
1 -1 -2 0 -2 -1 -1 -1
-2 0 -4 0 -1 -1 -1 -1
-1 -1 9 -8 0 0 1 -1
0 0 -1 3 -5 -2 -2 -2
-3 1 1 3 -2 -2 2 1
-4 0 -1 -8 -1 1 -1 0
2 1 -2 2 3 -2 -2 -2
-2 -1 -1 8 -4 -1 -1 0
0 -1 -2 -17 -2 -2 -2 -2
-1 0 1 15 6 2 0 0
-3 -1 1 2 -1 0 1 -2
0 -1 1 -4 -2 -2 1 -1
1 -1 0 7 1 1 -2 -1
0 -1 -2 -3 -1 -2 -1 -1
3 -2 -3 -4 0 -1 -2 -1
-2 0 1 4 1 0 0 -3
-2 -2 0 0 0 -1 -3 -1
-2 2 -2 -5 0 -1 -2 -1
-1 -2 -1 -2 -1 -1 0 -1
2 -1 -2 0 -2 -1 -3 1
-4 -1 -1 1 1 -1 -2 -1
-4 -1 0 -6 -2 0 -2 1
0 0 -1 0 0 0 -3 1
0 0 -1 0 1 0 -1 1
2 0 -3 -3 1 -1 1 1
-2 -1 1 3 -1 -1 -1 -4
-3 0 2 -2 0 1 -1 -2
-2 1 -2 -1 -2 -1 1 0
1 -1 -2 -2 -2 1 -2 0
0 -2 -2 2 1 1 0 -1
-1 -3 -3 -2 -2 -1 0 0
-1 -1 -2 -1 -2 0 0 0
-2 0 0 -2 0 1 0 -2
1 2 -1 -2 -5 -1 -1 0
2 -3 -3 -5 -2 -3 0 -1
-4 -5 0 2 0 -3 -1 -2
-2 -2 -1 0 -1 -2 1 -1
-1 -3 -1 -2 -3 -1 -1 -1
1 0 0 0 0 -1 0 -3
0 0 -2 0 1 1 -3 1
-1 -1 2 -1 -2 -3 0 -1
0 -3 -1 -2 -2 -3 -1 -1
1 1 1 -3 -3 -1 -1 -1
0 2 0 -3 -2 -2 1 1
-1 0 0 -1 -2 -1 -1 0
-1 0 -2 -1 -2 -1 0 -1
-2 0 -3 -4 3 -1 -1 -1
-1 -4 -1 7 -2 -1 0 -3
2 -3 -2 -23 -5 -1 0 0
-2 1 -3 3 -2 0 1 -2
0 -4 0 -10 -3 -2 0 -1
1 2 -3 -2 -2 1 1 -3
-1 1 -1 2 2 0 -2 2
1 0 1 -1 1 -1 -3 -1
-2 2 -3 -2 -5 0 0 3
1 -2 1 -4 0 0 -2 0
0 -3 1 5 0 1 -1 0
-2 -3 -1 -1 -2 1 -1 -1
-3 -1 -1 3 -1 -1 -3 -2
-2 -1 0 0 2 -2 -1 0
0 0 2 14 1 -1 2 -1
-3 -4 -4 -43 -2 -1 -1 -2
-2 -3 -3 17 -11 -4 -2 -5
4 3 -1 8 5 1 3 2
0 -1 -3 15 -7 -2 -1 -2
-1 -1 3 17 9 3 -2 0
1 -2 4 5 2 0 0 -2
-1 1 1 -3 -1 -3 -1 -2
-2 -1 -2 -8 -4 -1 -2 -2
0 1 1 15 1 0 -1 -3
-1 1 3 -1 1 2 0 2
-1 0 -1 -1 -4 -1 -2 -1
0 -2 -3 -5 2 0 0 0
0 -1 -4 -1 -6 -4 -1 0
2 -2 0 -5 0 0 -2 -2
-2 -2 -2 -13 0 -1 0 -1
-2 0 -3 2 -1 -1 0 -3
1 -1 -2 1 -2 0 1 1
-1 -1 -1 -5 -3 -1 2 0
-1 -1 2 3 -2 0 -3 -1
-3 0 0 0 1 1 -2 -3
1 -4 1 3 2 2 0 -1
0 0 -2 -2 -2 -3 -1 0
0 -3 1 -4 -4 -3 0 0
0 -3 0 -2 2 3 -2 -2
-4 0 -1 -5 0 -2 0 -2
-2 0 0 0 4 -1 -1 -2
0 -2 0 -2 2 1 -1 -2
-2 0 -1 -3 -4 -3 -1 -1
0 2 1 2 -1 -2 -4 -3
-3 -1 -3 1 0 0 -1 1
-2 0 -3 -1 1 0 -1 -2
1 1 0 -2 -2 -2 4 1
-1 -3 -3 -1 1 -1 0 1
1 -3 2 -7 -4 -1 0 -1
-2 2 1 -7 2 2 -2 -1
-1 -1 -3 3 2 0 -1 -4
0 1 0 -1 0 1 -4 -1
1 0 -2 -3 -7 -5 1 0
-1 -2 -4 2 0 -2 -2 0
-2 1 1 -4 3 -2 -1 -1
-3 -1 1 1 -4 -3 4 0
-4 -2 -2 1 4 1 -3 -1
1 -2 -1 -1 -2 0 0 -1
0 1 -1 -1 0 2 -1 1
-2 -2 -1 -4 -6 -4 -1 0
-2 -1 -1 2 3 3 -2 -1
-4 -2 1 -3 -1 -5 -3 -2
0 -1 -1 -5 -3 -2 -2 0
1 -1 -1 1 0 -2 0 -2
-1 1 0 -1 -3 0 1 -1
-2 -2 1 1 1 1 0 0
-1 -3 0 1 4 -1 -3 -1
1 0 1 -1 -12 -3 2 0
-9 -7 -10 -3 -1 0 -1 1
9 1 3 2 -1 2 1 0
-3 0 -6 -1 0 0 -3 -2
0 -3 1 -3 -4 -5 -3 -5
-1 1 2 -4 -2 -1 6 -1
-11 -6 -2 -2 -6 -6 -20 -3
5 -2 0 1 1 6 4 3
4 5 2 1 3 -9 -6 3
-14 -2 -6 2 3 4 12 -2
7 -4 -16 -1 0 8 -7 -5
5 4 15 1 -14 -16 -4 -2
-4 2 -5 3 8 11 -4 -2
11 1 -5 -2 -2 -10 1 9
0 1 2 -2 -2 -5 6 0
-4 -4 -6 -2 -2 2 10 1
0 2 -3 -1 1 -2 17 0
-8 -1 7 1 2 -3 -5 -18
-3 6 -12 1 -2 -1 8 6
-1 10 21 4 2 -2 -39 1
0 -1 -1 -4 -10 -6 6 1
14 5 -6 1 2 7 18 2
11 6 1 -3 -2 -16 2 4
-2 -1 21 -1 0 19 2 -4
-9 -5 -12 -1 2 2 2 1
-6 -1 -1 0 0 -5 -21 -4
-8 -5 -3 -3 -5 1 18 -1
-2 -2 -12 -1 -4 -5 -3 -2
0 -2 4 1 2 16 0 -2
2 -4 -7 1 2 -7 -21 -1
-2 -2 11 1 1 -5 2 1
4 -1 -9 -3 -1 -3 9 0
-4 -1 8 -2 -2 -2 -2 -4
2 -2 0 -3 -5 4 2 2
-7 -3 -4 0 -1 7 -1 -1
-5 -5 1 -1 2 -7 5 -2
6 2 -11 0 -1 -25 -11 0
0 -1 4 -3 -1 11 -16 -3
-3 -4 -2 -2 1 1 -4 -5
-1 -2 -10 -3 0 1 16 -3
-10 -8 1 0 1 1 -7 -4
7 1 3 1 -3 -4 4 0
-1 0 -3 0 1 0 -3 -1
-5 2 0 -2 0 -4 -1 -1
2 -3 -8 1 1 1 5 3
0 -4 17 -3 -4 -4 -1 1
0 7 15 -1 -1 7 7 -1
4 -10 -9 -2 -1 -4 -19 -3
-6 1 11 1 0 3 -1 -3
-4 0 -26 -4 1 -1 8 0
-1 -5 -1 -3 0 -11 -18 -8
-5 -4 -5 -3 -1 2 8 3
6 -1 10 0 0 12 2 -4
-3 -2 3 2 -1 -10 6 1
-1 -4 -12 -1 -1 10 -23 -1
-1 3 -5 -2 0 0 13 -3
2 -4 0 -2 -1 -4 10 1
-3 1 17 -1 1 10 -10 -9
-1 -6 -15 -2 -1 -13 8 8
0 -4 -14 1 -2 -6 -20 4
-3 2 -1 2 0 0 9 -2
-3 -3 8 1 -2 0 8 2
-1 0 12 -1 -2 8 13 -8
-2 0 2 0 1 2 -2 -1
-5 1 -7 -2 -3 -13 -11 -2
1 -3 0 -3 -3 -12 2 4
-12 -2 -31 -1 0 15 0 -9
0 4 24 1 0 -5 -4 -2
12 9 20 0 1 -2 -23 3
-5 -18 -29 -2 -1 -10 5 -4
10 18 33 0 -2 -3 -37 7
-5 -15 -50 -2 -4 6 34 -1
-7 -9 -10 -3 -3 4 -26 -8
-3 0 12 -5 -2 -1 13 7
-6 -8 -6 1 0 8 16 -5
-4 4 4 2 0 15 -2 -9
5 4 -4 -2 -1 -6 0 6
3 14 -6 3 5 -15 -33 2
2 -6 -8 -2 -3 -9 2 -2
0 0 32 -2 -1 -3 2 -4
-5 1 -13 -1 -3 10 16 -1
-3 3 5 -1 -1 8 -3 -1
-11 -7 -4 0 -2 -6 3 -4
14 2 -17 -3 0 6 3 7
1 0 8 -1 2 -17 -5 -2
0 1 0 -1 -1 -6 -19 1
2 1 11 2 -2 1 5 3
-4 -1 -3 -2 -1 -4 5 5
-4 -6 1 -1 -5 5 11 1
3 -1 -13 0 -1 2 5 -8
0 -3 7 0 0 -3 14 -1
-4 6 15 -1 -3 3 -36 -1
1 -4 1 0 4 -4 5 -2
7 3 -6 0 -2 -6 -8 2
6 1 8 0 0 -2 2 0
0 -1 -3 -1 0 -7 6 -2
-7 -4 -2 1 0 5 -2 -4
-7 1 -7 0 -1 7 4 -3
-1 2 -1 -1 0 -1 4 4
-3 -3 0 -1 -2 -5 1 1
-1 -1 -7 -1 0 0 -5 -1
-1 -2 6 0 2 4 8 0
2 -1 -5 -3 -2 -1 -4 2
0 -2 2 3 -1 -7 -3 -4
3 -2 -5 -3 -3 -3 -3 0
2 -3 6 -2 0 3 1 -1
-1 -1 -3 -2 0 -3 -4 1
-2 -3 -9 -2 -2 -3 -3 -2
-1 1 -1 0 2 0 1 -2
-2 -1 3 -2 1 5 3 -2
0 0 -3 -2 1 -3 -2 2
0 0 -1 1 0 -6 3 0
0 -1 -1 -2 -1 -1 0 1
0 -4 1 -1 1 3 -2 1
0 0 -3 -3 -2 -2 -1 -4
-3 0 -1 -1 -1 1 -2 -1
-5 -2 1 -2 1 1 -2 1
-4 -2 -5 1 -2 1 2 -1
0 -1 -2 -1 1 -3 -1 -1
-2 -2 -1 -2 1 -3 0 1
-2 1 -1 -1 0 -1 -1 -2
-1 1 2 -3 -4 -1 3 0
2 -1 1 0 1 0 -3 0
-2 -2 0 1 -3 -3 -1 -2
-2 -1 -3 0 1 -1 -2 -1
0 0 1 2 0 -1 -2 0
0 1 -1 -1 -3 -4 -1 -2
0 -1 -3 -2 0 1 -2 0
0 -2 -4 -2 -1 0 0 -2
-1 -2 0 -1 1 -1 -1 0
-4 0 0 -1 -1 2 0 2
-2 3 -1 -1 -1 -1 0 -3
-3 -1 0 1 -1 0 -1 -2
-3 -1 -1 -2 -3 -4 1 -1
2 -1 -1 -2 1 -4 0 2
-1 -8 -2 -1 1 1 -2 -3
2 -3 0 -3 -1 2 -4 -2
0 -3 -1 0 -1 -1 -1 -1
-3 -1 0 -2 -2 1 0 -3
1 1 -2 -1 -2 -2 0 2
-2 -1 -2 0 -2 -2 0 -1
-2 1 -1 -1 -2 1 -1 -2
-2 1 -3 0 -1 0 -2 -1
-1 0 -1 -1 0 -2 -1 -2
1 -1 0 -1 3 -3 0 -1
-2 1 -1 0 0 -1 2 0
0 -1 -3 0 -3 -1 -1 0
-3 0 -2 1 2 -1 -3 0
-1 1 -1 0 0 -1 2 -2
-2 -2 0 -1 -5 -1 0 0
-2 -1 -2 -1 1 -1 -2 -2
-1 0 -1 -2 -2 0 2 -1
-2 1 1 -2 -1 -2 -3 1
-1 -4 0 1 4 1 -1 -3
0 -2 -1 2 1 -2 -1 -1
0 0 0 -1 -4 -2 -2 0
0 2 0 -4 -6 0 1 1
-1 -3 -3 -2 -2 0 -1 -2
-4 -2 -3 0 -1 -2 0 -1
-1 -2 2 1 1 -2 1 -1
-2 -3 -5 -2 1 -1 -2 1
-1 0 1 -2 0 -1 1 -1
0 -3 -5 -2 -2 0 1 0
-1 -1 0 4 2 -3 -2 -3
-2 -3 -1 1 -2 -1 1 -1
0 -1 -5 -3 -1 0 -3 1
1 1 5 0 1 -2 -1 1
-3 -1 -1 -4 0 -1 -2 0
0 1 -4 0 -2 -1 0 2
-1 -1 -1 -3 -4 -2 -1 1
1 9 12 0 0 1 0 0
2 3 -5 -2 1 -2 0 0
1 -1 -2 2 0 -1 -2 -5
-2 1 -1 -2 -1 0 0 0
-5 -3 -8 1 0 -1 -2 -3
2 -2 5 1 -3 0 -1 2
-4 -2 0 -3 1 -2 -1 -2
2 -3 -8 0 2 -1 0 -3
1 0 5 -2 -3 -1 -1 -1
0 0 1 -2 -1 -2 2 -1
-2 -4 -4 0 -1 -1 0 1
1 -3 2 0 0 1 -1 1
-2 -4 -4 0 -1 0 0 -1
-2 6 2 -2 -2 -2 -2 -1
3 -1 13 -1 -2 -1 -1 1
-2 2 -2 0 0 -1 -1 -1
1 1 -1 -1 1 -1 0 1
1 -6 -9 0 0 0 -1 -2
0 1 9 -1 -3 0 1 0
-2 1 21 2 1 -3 -1 2
1 -2 -5 -5 0 1 5 -1
-20 -8 -15 0 -2 5 7 -3
2 11 -1 -4 -1 -32 -40 -4
4 -4 -9 -5 -5 4 2 1
2 4 24 0 1 0 1 -2
-3 1 12 -1 -2 2 12 0
-3 -1 -19 0 1 10 10 -4
-1 -2 -12 -2 -1 -9 -14 -1
-3 -4 -15 -1 -1 -1 1 -2
5 -1 7 -2 0 -2 -2 0
-3 -5 2 -1 0 2 6 3
-1 0 -5 0 1 -3 0 -3
0 -6 -5 1 -2 4 -1 1
3 0 0 1 0 -2 -2 0
-1 -4 -10 2 -4 4 2 -1
-8 -3 1 -2 2 5 1 0
-5 0 2 -2 -3 -7 -3 -2
11 6 -2 2 -1 -2 -4 -2
2 4 4 1 0 5 5 1
5 3 2 -1 -1 -6 -6 -2
-3 1 1 0 -2 -4 0 -3
-4 -3 -3 -1 1 1 -13 -1
-2 4 3 -1 -1 11 8 4
-3 -17 -26 -1 0 -6 20 4
-1 -5 23 0 0 -3 -26 -5
-3 -3 -4 -4 -4 -2 3 0
-5 -2 3 -1 0 -2 1 -6
1 3 1 1 -2 2 2 -1
-2 -4 -11 -1 -2 -2 10 1
2 -5 -2 0 1 -4 -5 -3
-2 -5 -1 -2 -2 -2 -1 -3
-1 3 4 -3 -1 -2 5 0
1 -1 -8 -2 0 1 1 3
-5 3 1 -1 0 0 6 -1
1 -1 -6 0 -5 -6 -15 -6
-4 2 9 0 -1 2 -8 0
0 -2 -8 -2 0 1 -3 0
9 4 -4 0 -2 1 2 2
-3 -7 0 3 0 -3 5 -1
0 1 2 -1 -3 0 -4 -2
-6 -2 -6 -2 2 2 -3 0
-8 -5 -3 -3 0 -1 0 -3
3 -2 1 -1 1 -1 3 1
4 -3 5 3 -1 1 -4 -1
6 10 1 -2 1 -13 -1 2
0 -5 -5 -4 -2 2 -3 -4
0 4 -4 -3 -1 1 -4 2
-7 -1 1 1 3 2 3 -1
-5 0 -4 0 -4 0 0 -6
-2 -4 -1 0 -2 -5 2 -1
4 -3 1 -2 -2 3 -5 0
-2 -2 -1 -1 0 1 2 -1
-2 -2 -4 0 -3 2 0 -1
-3 5 -6 -2 0 -2 -5 -1
-4 -7 21 3 1 0 7 1
9 4 -18 -4 -2 -2 -6 1
-4 0 -1 1 1 6 6 -2
-1 -5 -4 -1 -1 -4 -6 1
-2 -3 -11 -3 1 -3 22 2
1 1 8 -1 0 5 -24 -8
-1 6 14 -1 -3 1 -2 0
-2 -12 -14 0 1 3 7 -2
0 4 1 0 -4 -10 -17 3
4 0 4 0 -5 1 25 -1
-2 -7 -12 0 1 -2 6 2
5 5 8 0 -1 7 -11 1
-4 -2 -3 -1 -1 -1 -3 -6
-7 -5 0 -2 0 -6 -4 -1
0 -7 -3 0 1 0 -2 -2
-2 -1 3 -2 -4 -5 4 1
-1 -2 -2 -1 -2 -1 -8 -3
0 5 -18 -3 2 -1 -1 1
2 5 18 0 -7 -4 -1 1
-4 -1 0 -1 1 -2 -1 -4
0 2 -6 -2 -2 3 3 -4
-2 -2 3 -1 -2 -3 -4 -1
-2 -2 -13 -2 0 -1 -4 0
1 0 5 -2 0 -1 -1 1
-2 -2 6 2 -6 0 1 -2
-3 0 4 -1 1 -1 1 0
-1 -3 -3 -1 3 -1 -1 -2
0 1 5 -2 -2 -3 -8 -2
-1 -1 -6 -1 1 0 2 -1
-2 1 7 1 -1 -1 2 2
3 -3 -2 -3 -1 -2 -5 0
-2 -2 -1 0 -2 0 -1 -1
-1 -2 -4 0 3 1 1 0
2 -2 1 -2 -10 -4 0 3
-1 -1 -2 -1 0 2 0 -2
-2 -1 -3 -1 0 -2 1 -2
-1 -1 0 0 -2 2 2 1
0 -1 2 0 0 -3 -4 -2
-2 -3 -6 -2 -2 -1 1 1
-3 -1 2 -2 -1 -1 1 0
-2 1 1 -2 1 -2 -3 -1
-3 -4 -2 -1 4 1 -1 -4
-2 0 -3 0 -2 2 -1 -2
2 0 0 1 1 -4 -1 0
-1 1 0 -1 -2 -1 -3 1
0 -1 -3 1 0 -1 1 0
-1 -1 -1 -1 -2 -2 1 1
-3 3 -1 -2 -3 1 -1 -3
1 0 -2 -2 -6 0 0 -2
-1 -1 2 -1 1 -1 0 -2
-2 -3 1 -1 -6 -3 0 -2
-1 2 0 -1 -1 -3 -3 -1
1 -1 -3 -1 -1 -5 0 0
-1 -1 -2 -1 -1 0 -1 -1
0 0 -1 1 4 1 -3 -2
1 -3 0 1 0 0 -1 1
-2 -2 -1 0 -3 -2 -1 0
-4 -1 -2 -1 -3 -1 0 2
-2 -1 -2 -1 1 -3 -1 -1
0 -2 1 -1 -2 -2 -1 -2
3 -1 4 2 1 1 0 0
0 1 -3 -1 -2 -1 -1 -1
1 0 -2 -1 0 -1 0 -2
-2 -3 0 -2 -1 -2 0 -2
-5 -3 -3 -3 1 -1 -2 -2
-2 -1 3 -1 0 -2 0 -1
1 -2 -1 2 1 1 -1 -1
-2 4 4 1 -3 -2 -1 -1
-2 -8 -9 -5 -1 0 -4 -1
2 0 -1 1 -1 0 -2 -2
1 -2 -5 0 0 -1 -1 -1
-2 -3 2 2 -3 0 -1 -1
0 3 4 0 1 1 1 0
0 -5 -1 -3 -2 0 -1 -1
2 -3 -2 -4 -3 -2 -1 -2
0 0 -4 -1 0 1 -1 -3
-2 1 -2 0 -1 -1 1 1
-2 -1 2 -3 -1 2 -2 0
0 0 1 -2 2 -1 1 0
2 -3 -1 0 0 0 -1 -1
-1 1 1 0 0 1 1 -1
1 1 -10 1 1 0 1 -1
-2 3 8 -1 -3 -4 -3 -2
-1 2 0 -3 -4 -4 0 0
-2 0 -3 0 -5 -2 -1 -1
-1 -6 0 0 -2 -2 -1 -2
1 0 -6 0 -1 -1 0 -1
0 1 5 -1 0 -1 -3 -1
0 0 -2 0 1 -1 -1 0
-2 3 -1 -1 -1 -1 -1 0
